Epoch male_err fem_err total_errMSETrain MSETest
1	39.3	213.80000000	253.10000000	.12406370	.20004640
2	40.6	189.40000000	230.00000000	.11672610	.19704920
3	18.0	236.80000000	254.80000000	.12321690	.19488850
4	36.9	189.10000000	226.00000000	.11469860	.19637100
5	41.8	194.70000000	236.50000000	.12000970	.19860170
6	18.1	223.80000000	241.90000000	.11269730	.19404010
7	23.7	213.10000000	236.80000000	.11186850	.19867110
8	18.3	237.00000000	255.30000000	.11731330	.19569160
9	24.0	212.50000000	236.50000000	.11432010	.19939840
10	24.2	217.20000000	241.40000000	.11301920	.19911320
11	25.6	203.40000000	229.00000000	.11361600	.19816520
12	28.2	200.10000000	228.30000000	.11614690	.19650680
13	14.2	227.20000000	241.40000000	.10874950	.19876860
14	16.5	229.30000000	245.80000000	.11073140	.19903030
15	8.6	241.40000000	250.00000000	.10408380	.20012220
16	13.2	228.40000000	241.60000000	.10761870	.19729040
17	13.9	229.70000000	243.60000000	.10814110	.19976460
18	18.4	217.70000000	236.10000000	.10839390	.19962580
19	4.4	266.20000000	270.60000000	.10776720	.19915010
20	6.5	249.70000000	256.20000000	.10148950	.19903090
21	9.4	241.40000000	250.80000000	.10599320	.19917350
22	5.8	255.00000000	260.80000000	.10490690	.19959560
23	10.2	234.50000000	244.70000000	.11117310	.19745160
24	8.8	241.70000000	250.50000000	.10582170	.19936290
25	15.7	213.90000000	229.60000000	.11007420	.19669000
26	8.6	240.40000000	249.00000000	.11075200	.19594470
27	8.8	242.80000000	251.60000000	.10396250	.19694290
28	7.3	245.60000000	252.90000000	.10560430	.19696390
29	7.3	246.20000000	253.50000000	.10720190	.19555300
30	9.5	235.80000000	245.30000000	.10193350	.20112020
31	8.8	229.90000000	238.70000000	.10374920	.19696720
32	5.6	258.10000000	263.70000000	.10421930	.19976580
33	11.5	243.50000000	255.00000000	.10944700	.19708460
34	6.1	251.30000000	257.40000000	.10158020	.19910370
35	4.9	259.70000000	264.60000000	.10100340	.19792800
36	8.1	233.20000000	241.30000000	.10221590	.19849700
37	8.2	248.90000000	257.10000000	.10552880	.19756560
38	6.0	250.90000000	256.90000000	.10258100	.19989770
39	5.7	255.70000000	261.40000000	.10077270	.19933030
40	6.4	256.30000000	262.70000000	.10265770	.19906280
41	6.5	246.50000000	253.00000000	.10079850	.20096390
42	6.1	251.70000000	257.80000000	.10006260	.19923210
43	10.8	231.50000000	242.30000000	.10954920	.19828780
44	10.3	224.80000000	235.10000000	.10180300	.19876100
45	7.9	241.00000000	248.90000000	.10508820	.19420540
46	7.1	246.70000000	253.80000000	.10433830	.19721000
47	12.7	232.40000000	245.10000000	.10858720	.19863420
48	7.3	241.70000000	249.00000000	.10147350	.19781020
49	6.1	253.50000000	259.60000000	.09900650	.19637970
50	5.8	253.50000000	259.30000000	.10014700	.19614680
51	6.2	256.00000000	262.20000000	.10287000	.19927970
52	6.0	249.90000000	255.90000000	.10191950	.19767790
53	6.9	244.40000000	251.30000000	.10085500	.19646650
54	9.4	232.50000000	241.90000000	.10281450	.19796710
55	5.0	262.00000000	267.00000000	.09925730	.19762160
56	7.0	244.60000000	251.60000000	.10321920	.19711800
58	7.2	238.20000000	245.40000000	.10156570	.19458400
57	6.5	246.70000000	253.20000000	.09799030	.19891350
59	6.6	242.90000000	249.50000000	.10159330	.19663190
60	6.1	253.60000000	259.70000000	.10118580	.19747320
61	4.9	261.90000000	266.80000000	.10338540	.19411680
62	6.7	245.80000000	252.50000000	.09883350	.19864640
63	6.2	248.80000000	255.00000000	.09791030	.19700480
64	6.5	247.00000000	253.50000000	.10279540	.19919310
66	5.3	258.70000000	264.00000000	.09955270	.19961370
65	7.8	236.90000000	244.70000000	.10122280	.19870150
67	7.1	241.70000000	248.80000000	.10390670	.19642160
68	6.2	246.50000000	252.70000000	.09824170	.19814600
69	8.1	236.10000000	244.20000000	.10225030	.19584660
70	6.9	241.20000000	248.10000000	.10293300	.19609320
71	10.5	235.90000000	246.40000000	.10949690	.19815690
72	6.8	241.10000000	247.90000000	.10072720	.19761280
73	4.9	259.00000000	263.90000000	.09911180	.19597680
74	6.7	248.40000000	255.10000000	.10116150	.19574010
76	7.5	237.40000000	244.90000000	.10268640	.19710370
75	7.1	247.10000000	254.20000000	.10229940	.19795020
77	6.0	250.30000000	256.30000000	.09773060	.19682480
78	6.4	246.30000000	252.70000000	.09892020	.19765090
79	7.5	239.30000000	246.80000000	.10493250	.19073530
80	8.1	243.60000000	251.70000000	.10716620	.19847010
81	4.5	264.70000000	269.20000000	.10163440	.19650680
83	6.2	248.70000000	254.90000000	.09569860	.19935850
82	5.0	259.10000000	264.10000000	.10489260	.19905660
84	6.4	249.80000000	256.20000000	.09952660	.19565330
87	4.9	260.30000000	265.20000000	.09735830	.19856870
85	6.3	248.70000000	255.00000000	.10413890	.19255350
88	7.4	236.80000000	244.20000000	.10095200	.19788870
86	6.8	246.40000000	253.20000000	.10003260	.19711920
89	7.0	244.50000000	251.50000000	.09829580	.19901800
90	6.8	242.00000000	248.80000000	.10081230	.19271160
91	4.2	267.30000000	271.50000000	.10576220	.19603960
94	5.3	255.20000000	260.50000000	.09393370	.19928920
92	7.9	248.90000000	256.80000000	.10259050	.19785140
93	8.3	247.20000000	255.50000000	.10165860	.19756640
96	5.5	256.20000000	261.70000000	.10058590	.19728930
95	6.7	243.00000000	249.70000000	.09784040	.19728530
97	5.8	254.90000000	260.70000000	.09788450	.19743000
99	6.8	243.50000000	250.30000000	.10125090	.19616090
98	6.8	247.20000000	254.00000000	.10136680	.19755950
100	7.1	245.70000000	252.80000000	.09799860	.19682930
101	6.1	253.60000000	259.70000000	.09767220	.19772830
102	6.2	250.90000000	257.10000000	.09749230	.19800410
103	7.0	243.80000000	250.80000000	.10026140	.19511850
104	4.1	269.00000000	273.10000000	.10283380	.19967890
105	6.9	242.50000000	249.40000000	.09709780	.19675810
107	7.5	238.80000000	246.30000000	.10108590	.19473660
108	5.0	260.80000000	265.80000000	.09958090	.19431050
106	5.6	258.00000000	263.60000000	.09882370	.19921950
109	6.3	252.00000000	258.30000000	.09822290	.19855470
110	10.4	232.70000000	243.10000000	.10094640	.19742060
111	4.9	261.80000000	266.70000000	.09982710	.19872770
112	4.8	261.80000000	266.60000000	.09966120	.19525040
113	5.3	259.20000000	264.50000000	.09707140	.19823940
116	5.9	255.30000000	261.20000000	.09989410	.19645260
114	5.4	257.90000000	263.30000000	.09822560	.19866340
115	6.1	251.50000000	257.60000000	.09686350	.19703610
117	6.6	245.30000000	251.90000000	.09724630	.19585900
119	6.8	245.60000000	252.40000000	.09705220	.19960740
118	7.6	245.40000000	253.00000000	.10294060	.19532440
120	6.3	249.80000000	256.10000000	.10063720	.19621340
121	6.8	248.40000000	255.20000000	.09915600	.19525800
123	5.2	260.30000000	265.50000000	.09995590	.19882600
122	5.4	258.30000000	263.70000000	.10098030	.19558080
124	7.8	237.00000000	244.80000000	.10271510	.19772960
126	5.4	256.00000000	261.40000000	.09417970	.19807930
125	5.8	249.40000000	255.20000000	.09692610	.19835840
127	5.9	250.00000000	255.90000000	.10256920	.19663650
129	8.5	234.50000000	243.00000000	.09938990	.19871470
128	7.5	245.90000000	253.40000000	.10400480	.19178720
130	6.2	248.80000000	255.00000000	.09756120	.19345140
131	6.3	249.20000000	255.50000000	.09940050	.19478010
133	5.1	259.80000000	264.90000000	.09903300	.19784410
135	5.0	265.10000000	270.10000000	.09845770	.19588760
134	6.2	249.50000000	255.70000000	.10260550	.19717300
132	4.8	262.80000000	267.60000000	.10003010	.19516860
136	6.3	247.10000000	253.40000000	.09637980	.19639710
138	5.5	258.10000000	263.60000000	.09779480	.19551670
140	5.6	252.00000000	257.60000000	.09875160	.19312440
137	9.1	236.00000000	245.10000000	.10210470	.19777590
139	5.8	252.60000000	258.40000000	.09961560	.19700330
142	5.5	254.80000000	260.30000000	.09527800	.19840000
144	6.8	242.40000000	249.20000000	.10179080	.19262340
141	4.9	260.00000000	264.90000000	.10116730	.19523040
143	5.8	254.40000000	260.20000000	.09839980	.19726220
147	6.6	245.40000000	252.00000000	.09886330	.19500910
145	5.0	263.20000000	268.20000000	.10059600	.19318880
146	7.0	241.70000000	248.70000000	.09904770	.19831490
149	6.4	246.30000000	252.70000000	.09922200	.20008400
150	6.6	244.30000000	250.90000000	.09776600	.19457210
148	5.3	258.20000000	263.50000000	.09477930	.19907470
156	5.5	256.60000000	262.10000000	.10089900	.19653710
152	7.0	245.20000000	252.20000000	.09860550	.19306000
151	5.7	255.20000000	260.90000000	.09907080	.19499010
158	6.9	242.20000000	249.10000000	.10013480	.19853970
155	5.4	258.80000000	264.20000000	.09443020	.19632970
153	8.6	240.00000000	248.60000000	.09950420	.19656410
154	5.3	258.80000000	264.10000000	.09796400	.19926180
157	6.2	247.00000000	253.20000000	.09619760	.19709460
159	7.3	243.80000000	251.10000000	.09942430	.19800170
160	5.8	254.50000000	260.30000000	.09725520	.19962650
161	5.8	256.80000000	262.60000000	.09462370	.19573590
162	5.6	255.00000000	260.60000000	.09699520	.19238720
164	6.1	254.00000000	260.10000000	.09870230	.19803250
166	6.6	246.60000000	253.20000000	.10118730	.19581260
165	7.3	243.70000000	251.00000000	.09982010	.19616850
163	4.8	261.90000000	266.70000000	.09511540	.19990030
167	5.9	252.30000000	258.20000000	.09602900	.19747520
169	5.6	256.30000000	261.90000000	.09879730	.19482600
168	5.7	257.20000000	262.90000000	.09784370	.19778270
170	6.7	243.40000000	250.10000000	.09607300	.19586470
171	6.5	245.70000000	252.20000000	.10166190	.19497430
174	5.1	258.20000000	263.30000000	.09952740	.19849990
173	7.6	237.50000000	245.10000000	.09812230	.19818650
172	8.1	236.80000000	244.90000000	.10344110	.19384740
176	4.7	263.10000000	267.80000000	.10071130	.19574370
175	6.5	247.00000000	253.50000000	.09800560	.19702380
177	6.5	246.60000000	253.10000000	.09601360	.19826290
178	5.6	251.90000000	257.50000000	.09749420	.19968880
179	5.9	252.30000000	258.20000000	.09562150	.19644210
180	9.4	233.10000000	242.50000000	.10091010	.19858590
181	6.5	247.70000000	254.20000000	.09582870	.19682940
182	10.0	230.40000000	240.40000000	.10417720	.19953380
183	5.9	253.80000000	259.70000000	.09458960	.19740460
188	8.1	234.90000000	243.00000000	.09642320	.19762860
186	7.1	243.60000000	250.70000000	.09761730	.19880470
184	4.9	261.00000000	265.90000000	.09963680	.19174370
187	6.1	249.90000000	256.00000000	.09471620	.19981680
185	5.7	255.60000000	261.30000000	.09774850	.19261550
189	4.5	267.90000000	272.40000000	.09753410	.19603190
190	7.1	242.80000000	249.90000000	.09729620	.19604820
191	5.4	258.40000000	263.80000000	.09622370	.19644560
192	4.6	264.90000000	269.50000000	.09973280	.19447600
193	10.1	230.70000000	240.80000000	.10203620	.19350700
194	6.8	250.90000000	257.70000000	.09630800	.19890650
197	6.0	252.20000000	258.20000000	.09649470	.19902110
196	3.1	279.90000000	283.00000000	.09980160	.19842620
195	6.9	245.00000000	251.90000000	.09907180	.19551630
200	5.1	259.80000000	264.90000000	.09947050	.19706450
199	7.5	241.20000000	248.70000000	.10456540	.19366170
198	5.1	260.10000000	265.20000000	.09991030	.19730960
202	6.1	255.50000000	261.60000000	.09626190	.19846440
201	9.0	239.40000000	248.40000000	.10226450	.19618850
205	4.7	265.50000000	270.20000000	.09964340	.19632140
207	5.8	252.10000000	257.90000000	.09380330	.19709890
208	4.8	265.00000000	269.80000000	.09673180	.19751410
203	7.9	236.10000000	244.00000000	.09471810	.19852350
209	4.6	265.20000000	269.80000000	.09854870	.19428190
206	4.9	263.50000000	268.40000000	.09657890	.19625870
204	7.2	241.70000000	248.90000000	.09872320	.19930520
210	8.0	236.90000000	244.90000000	.09723210	.19750210
216	7.3	245.40000000	252.70000000	.09896630	.19727930
215	5.3	257.80000000	263.10000000	.09681620	.19534920
214	5.4	261.60000000	267.00000000	.09693570	.19540470
211	8.0	230.60000000	238.60000000	.09738470	.19622730
213	9.8	227.20000000	237.00000000	.10236270	.19387260
220	5.9	249.10000000	255.00000000	.09619020	.19829190
218	7.2	241.00000000	248.20000000	.09858630	.19430380
212	5.5	257.20000000	262.70000000	.09528700	.19656370
217	6.3	249.40000000	255.70000000	.10055220	.19662970
219	4.8	262.20000000	267.00000000	.09749410	.19368180
224	5.8	254.80000000	260.60000000	.10009660	.19841910
221	7.6	244.70000000	252.30000000	.10117460	.19445620
223	5.9	255.20000000	261.10000000	.09785480	.19857480
222	9.0	239.20000000	248.20000000	.10086280	.19553350
229	7.4	239.80000000	247.20000000	.09912270	.19599810
228	6.5	249.10000000	255.60000000	.09379380	.19864250
226	5.9	256.30000000	262.20000000	.09607770	.19773120
227	7.3	250.30000000	257.60000000	.09907820	.19381750
225	4.9	261.10000000	266.00000000	.09453600	.19837350
230	4.4	267.30000000	271.70000000	.10051030	.19363790
235	5.5	253.50000000	259.00000000	.11005130	.20063430
236	7.9	248.90000000	256.80000000	.09989110	.19783510
234	5.3	254.40000000	259.70000000	.09653660	.19645520
232	8.1	237.70000000	245.80000000	.09800110	.19605720
233	9.1	234.30000000	243.40000000	.10187270	.19753140
231	7.2	238.70000000	245.90000000	.10315160	.19379770
240	4.9	262.70000000	267.60000000	.09742680	.19907980
238	6.3	252.60000000	258.90000000	.09710260	.19630950
239	7.1	245.30000000	252.40000000	.09610720	.19498900
237	8.6	243.70000000	252.30000000	.10171520	.18930960
241	7.0	242.20000000	249.20000000	.10010130	.19525340
242	7.0	238.00000000	245.00000000	.10016820	.19784700
245	6.8	240.20000000	247.00000000	.09725140	.19566270
246	7.7	236.60000000	244.30000000	.09955850	.19564700
243	6.9	244.90000000	251.80000000	.09669540	.19444820
244	5.9	252.50000000	258.40000000	.09576110	.19624910
249	9.2	229.40000000	238.60000000	.10068200	.19599350
247	4.8	264.80000000	269.60000000	.09834630	.19600880
248	6.7	245.40000000	252.10000000	.10082130	.19303510
250	5.7	252.80000000	258.50000000	.10057060	.19390630
254	7.7	237.90000000	245.60000000	.09881910	.19777160
255	5.1	256.90000000	262.00000000	.09860350	.19179320
257	6.1	252.60000000	258.70000000	.09975760	.19605720
251	7.4	236.70000000	244.10000000	.09715690	.19641390
253	5.7	256.90000000	262.60000000	.09364450	.19964510
258	8.8	237.10000000	245.90000000	.10217710	.20034710
256	6.6	247.50000000	254.10000000	.09489580	.19986820
252	5.5	256.50000000	262.00000000	.09467150	.19807350
260	5.9	250.50000000	256.40000000	.09772880	.19556550
259	5.8	254.60000000	260.40000000	.09742190	.19705390
262	7.3	241.30000000	248.60000000	.09769140	.19231460
264	6.8	254.00000000	260.80000000	.09954520	.19559950
261	6.7	241.00000000	247.70000000	.09862550	.19599420
266	6.2	248.60000000	254.80000000	.09509660	.20047430
267	5.7	251.60000000	257.30000000	.10056070	.19190620
263	5.1	262.20000000	267.30000000	.09458410	.19406780
268	5.8	252.90000000	258.70000000	.09465970	.19595570
265	5.8	251.70000000	257.50000000	.09763520	.19432430
269	5.6	254.30000000	259.90000000	.10200010	.19462250
270	5.5	256.20000000	261.70000000	.09735530	.19663010
272	5.9	256.50000000	262.40000000	.10031220	.19495620
276	4.5	266.10000000	270.60000000	.09446880	.19963770
273	5.8	250.20000000	256.00000000	.09911010	.19218580
274	5.6	256.50000000	262.10000000	.09563380	.19784640
275	5.8	249.50000000	255.30000000	.09957270	.19135810
271	5.3	262.40000000	267.70000000	.09746930	.19666080
279	6.2	247.80000000	254.00000000	.09314320	.19823270
278	7.0	241.50000000	248.50000000	.09751350	.19232500
277	6.6	245.10000000	251.70000000	.09634630	.19664740
280	6.2	251.10000000	257.30000000	.09616120	.19768310
282	3.9	271.50000000	275.40000000	.09920640	.19762020
281	5.1	258.00000000	263.10000000	.09645960	.19600830
286	5.6	253.00000000	258.60000000	.09733360	.19815840
283	5.1	260.60000000	265.70000000	.09423320	.19796190
285	8.3	240.50000000	248.80000000	.09774100	.19633990
290	4.6	261.40000000	266.00000000	.09749170	.19534450
288	6.3	250.50000000	256.80000000	.09596720	.19800460
284	5.4	256.20000000	261.60000000	.09903900	.19112260
289	8.5	233.40000000	241.90000000	.09916280	.19653180
287	5.3	257.30000000	262.60000000	.09889300	.19851770
291	5.1	258.40000000	263.50000000	.09366820	.19865200
293	6.8	237.40000000	244.20000000	.09555580	.19525480
295	6.7	247.00000000	253.70000000	.09790790	.19678320
292	7.1	240.50000000	247.60000000	.09363680	.19960330
294	7.4	238.70000000	246.10000000	.09963040	.19722330
297	5.6	256.50000000	262.10000000	.09818710	.19909870
296	5.5	252.90000000	258.40000000	.09567960	.19428290
299	6.5	242.60000000	249.10000000	.09708980	.19535050
298	5.6	254.30000000	259.90000000	.09569430	.19701980
300	4.9	258.20000000	263.10000000	.09764080	.19691180
303	8.0	234.70000000	242.70000000	.09975490	.19126130
301	5.6	255.70000000	261.30000000	.09972300	.19557360
307	5.8	253.20000000	259.00000000	.09731190	.19617010
304	7.3	240.50000000	247.80000000	.09920190	.19749080
302	5.5	254.30000000	259.80000000	.10088420	.19688340
306	5.8	253.80000000	259.60000000	.10027420	.19137520
305	5.1	258.60000000	263.70000000	.09762680	.19516800
309	6.7	248.70000000	255.40000000	.09657950	.19932410
308	6.2	247.20000000	253.40000000	.09957390	.19176870
310	6.0	251.70000000	257.70000000	.09705090	.19767070
312	7.0	244.60000000	251.60000000	.09851950	.19716660
319	6.5	250.20000000	256.70000000	.09987890	.19722830
314	7.2	239.10000000	246.30000000	.09362020	.19840520
318	8.2	239.10000000	247.30000000	.09805070	.19720540
313	6.3	257.40000000	263.70000000	.10073690	.19545690
316	7.7	234.90000000	242.60000000	.09848710	.19727300
311	9.4	232.50000000	241.90000000	.10221440	.19590660
317	4.9	266.90000000	271.80000000	.09684660	.19401730
320	5.4	254.20000000	259.60000000	.09718740	.19564850
315	11.7	237.10000000	248.80000000	.10100370	.19605880
322	6.9	246.80000000	253.70000000	.10203840	.19729100
323	6.0	250.40000000	256.40000000	.09397400	.19851750
321	5.5	252.90000000	258.40000000	.09606480	.19287030
326	4.3	265.50000000	269.80000000	.09740920	.19545290
325	7.1	242.20000000	249.30000000	.10003370	.19757100
327	6.9	241.30000000	248.20000000	.09796910	.19890470
330	5.6	257.10000000	262.70000000	.09322050	.19864070
324	5.8	253.20000000	259.00000000	.09866330	.19748240
328	6.7	247.20000000	253.90000000	.09854450	.19871930
329	5.9	252.10000000	258.00000000	.10601200	.19837780
336	11.4	228.30000000	239.70000000	.09978440	.19333220
334	6.9	248.60000000	255.50000000	.09777680	.19693470
332	6.5	245.40000000	251.90000000	.09748440	.19709520
331	6.0	253.10000000	259.10000000	.09620840	.19779160
337	7.0	245.80000000	252.80000000	.09689260	.19470450
338	7.3	245.30000000	252.60000000	.09899540	.19609420
335	7.0	242.40000000	249.40000000	.09705660	.19532910
340	7.1	238.60000000	245.70000000	.09450290	.19541800
333	5.1	259.60000000	264.70000000	.09590350	.19662040
339	5.9	252.80000000	258.70000000	.09979220	.19613650
343	4.6	262.30000000	266.90000000	.09491140	.19823260
346	10.1	228.30000000	238.40000000	.10086020	.19695020
341	7.4	239.30000000	246.70000000	.09849600	.19576210
345	5.9	249.30000000	255.20000000	.09401990	.19765770
347	5.5	253.90000000	259.40000000	.09818540	.19876900
342	6.2	245.70000000	251.90000000	.09786390	.19407770
349	6.7	244.00000000	250.70000000	.09907370	.19554990
344	7.1	237.00000000	244.10000000	.09429680	.19789120
348	5.3	258.20000000	263.50000000	.09580390	.19603700
350	5.4	254.80000000	260.20000000	.09520440	.19910430
353	8.0	230.50000000	238.50000000	.09882700	.19480170
352	8.2	230.50000000	238.70000000	.09805390	.19758020
355	4.3	265.40000000	269.70000000	.09606800	.19451940
354	5.5	251.30000000	256.80000000	.09839600	.19658030
359	6.6	243.40000000	250.00000000	.09494160	.19642770
351	6.3	245.90000000	252.20000000	.09740150	.19895900
357	11.5	240.20000000	251.70000000	.10445780	.19462050
358	5.7	252.40000000	258.10000000	.09445150	.19707610
356	4.6	263.60000000	268.20000000	.09577650	.19613450
360	6.5	245.70000000	252.20000000	.09656060	.19594750
364	4.1	265.80000000	269.90000000	.09666980	.19676060
370	6.5	245.40000000	251.90000000	.09636440	.19970900
369	5.0	258.30000000	263.30000000	.09602400	.19610730
368	4.7	261.40000000	266.10000000	.09663760	.19542950
366	6.6	248.70000000	255.30000000	.09749920	.19731280
363	5.7	253.20000000	258.90000000	.09679850	.19350080
362	5.0	258.50000000	263.50000000	.09318450	.19764320
361	8.7	234.70000000	243.40000000	.09898850	.19606000
367	4.4	264.90000000	269.30000000	.09729970	.19641730
365	4.8	259.50000000	264.30000000	.09737620	.19382570
376	5.5	256.00000000	261.50000000	.09586290	.19542590
371	4.9	261.00000000	265.90000000	.09997590	.19567430
375	4.5	260.70000000	265.20000000	.09662330	.19306160
372	6.6	241.90000000	248.50000000	.09926450	.18965450
373	6.8	242.10000000	248.90000000	.10323790	.19312640
379	5.3	255.80000000	261.10000000	.09518190	.19718050
374	6.2	248.20000000	254.40000000	.10346060	.19645840
378	4.9	259.40000000	264.30000000	.09800800	.19677630
380	7.2	237.60000000	244.80000000	.09823330	.19725940
377	6.3	245.50000000	251.80000000	.09379760	.19754780
383	6.3	249.10000000	255.40000000	.09884610	.19600540
381	5.9	251.60000000	257.50000000	.09588570	.19685440
389	6.3	246.50000000	252.80000000	.09790920	.19693910
386	6.2	253.00000000	259.20000000	.09705690	.19882850
382	5.3	255.60000000	260.90000000	.10053950	.19182720
387	5.4	255.80000000	261.20000000	.09683270	.19576950
385	8.0	229.90000000	237.90000000	.09551990	.19827050
384	6.5	250.10000000	256.60000000	.09961260	.19457090
388	7.2	243.70000000	250.90000000	.09743770	.19699420
390	7.4	237.80000000	245.20000000	.09516420	.19955820
392	4.8	262.50000000	267.30000000	.09573980	.19632770
399	4.5	259.90000000	264.40000000	.09361160	.19647970
396	5.9	252.10000000	258.00000000	.09527800	.19706560
394	6.0	246.10000000	252.10000000	.09457270	.19645990
397	6.2	246.40000000	252.60000000	.09303800	.19551960
393	6.7	239.20000000	245.90000000	.09541760	.19658990
398	7.8	240.00000000	247.80000000	.09939930	.19686750
391	6.7	240.00000000	246.70000000	.09240380	.20002630
400	4.0	270.60000000	274.60000000	.09778910	.19537780
395	9.3	237.60000000	246.90000000	.10013440	.19772840
402	6.3	243.80000000	250.10000000	.09649820	.19612180
401	6.4	250.10000000	256.50000000	.09780530	.19435530
406	8.5	233.70000000	242.20000000	.09781670	.19936290
407	6.7	245.70000000	252.40000000	.09918800	.19474580
403	5.4	255.10000000	260.50000000	.09307650	.19597850
404	5.8	250.20000000	256.00000000	.09591830	.19596890
408	5.1	257.50000000	262.60000000	.09670850	.19536590
405	6.5	242.80000000	249.30000000	.09583780	.19459440
409	7.2	242.10000000	249.30000000	.09863160	.19165020
410	6.7	244.20000000	250.90000000	.10056080	.19738570
413	7.3	244.50000000	251.80000000	.09869120	.19593750
411	5.1	258.70000000	263.80000000	.09726630	.19760400
418	12.5	240.80000000	253.30000000	.10349520	.19352110
414	7.0	252.80000000	259.80000000	.10227440	.19753480
419	5.5	251.60000000	257.10000000	.09597040	.19663130
412	5.7	250.30000000	256.00000000	.09584160	.19769240
415	9.3	241.90000000	251.20000000	.10104070	.19315300
416	6.8	242.50000000	249.30000000	.09644020	.19859940
420	6.7	248.20000000	254.90000000	.09535560	.19735750
417	7.1	242.40000000	249.50000000	.09704980	.19600230
421	5.6	251.90000000	257.50000000	.09255820	.19788170
428	6.6	247.50000000	254.10000000	.10438240	.19296750
425	5.9	249.90000000	255.80000000	.09704960	.19488000
426	5.3	252.80000000	258.10000000	.10112460	.19711120
424	6.2	248.00000000	254.20000000	.09366210	.19786750
423	5.0	254.50000000	259.50000000	.09434010	.19881740
429	4.5	263.50000000	268.00000000	.09712510	.19734340
422	5.6	251.70000000	257.30000000	.09593480	.19796060
430	8.2	231.40000000	239.60000000	.09823820	.19772130
427	7.4	236.10000000	243.50000000	.09524450	.19667340
434	4.7	259.50000000	264.20000000	.09349590	.19647670
432	7.5	235.90000000	243.40000000	.09883790	.19874950
435	7.2	239.00000000	246.20000000	.09755440	.19810290
438	5.1	255.00000000	260.10000000	.09424150	.19504110
433	5.3	255.80000000	261.10000000	.09650420	.19694170
440	7.1	235.00000000	242.10000000	.09627100	.19740180
431	5.8	250.30000000	256.10000000	.09641350	.19773970
436	6.6	242.50000000	249.10000000	.09624540	.19870130
439	6.3	245.00000000	251.30000000	.09413940	.20003450
437	5.7	253.10000000	258.80000000	.09714550	.19782320
442	7.0	239.10000000	246.10000000	.09705980	.19572230
446	6.3	243.90000000	250.20000000	.09415820	.19820740
443	7.1	241.90000000	249.00000000	.09627860	.19548890
448	6.7	239.10000000	245.80000000	.09599470	.19907790
441	7.2	237.30000000	244.50000000	.09497350	.19675290
444	5.8	250.80000000	256.60000000	.09894060	.19934220
447	6.3	247.90000000	254.20000000	.09356460	.19607600
445	5.4	249.20000000	254.60000000	.09390620	.20081290
450	6.7	245.40000000	252.10000000	.09388410	.20133530
449	4.4	263.80000000	268.20000000	.09460000	.19807620
458	8.0	230.10000000	238.10000000	.09901360	.19477070
454	8.2	232.30000000	240.50000000	.10014350	.19724530
451	7.7	233.90000000	241.60000000	.09840120	.19364610
452	8.4	226.80000000	235.20000000	.09948710	.19390450
455	6.6	249.20000000	255.80000000	.09513840	.19935530
456	5.2	255.70000000	260.90000000	.10108770	.19334320
460	6.4	249.70000000	256.10000000	.09678610	.19722170
459	6.1	246.30000000	252.40000000	.09597640	.19683050
457	7.0	238.40000000	245.40000000	.09368650	.19643210
453	6.0	248.30000000	254.30000000	.09388800	.19484540
466	5.9	253.30000000	259.20000000	.09437790	.19652450
463	6.1	245.00000000	251.10000000	.09524730	.19842780
462	5.7	248.20000000	253.90000000	.09282200	.19545370
465	9.0	252.30000000	261.30000000	.10169080	.19747010
464	6.2	247.00000000	253.20000000	.09550380	.19717840
461	5.9	249.20000000	255.10000000	.09674560	.19617200
467	6.1	250.70000000	256.80000000	.09851700	.19621250
470	6.7	241.60000000	248.30000000	.09837140	.19789730
468	9.1	228.50000000	237.60000000	.10047920	.19432410
469	6.6	246.30000000	252.90000000	.09589770	.19712230
473	6.9	238.70000000	245.60000000	.09585790	.19722760
475	7.9	227.80000000	235.70000000	.09699160	.19923370
471	4.6	261.70000000	266.30000000	.09608230	.19509200
477	6.1	242.00000000	248.10000000	.09423130	.19741680
472	4.8	256.90000000	261.70000000	.09795140	.19996570
478	7.8	233.30000000	241.10000000	.09922840	.19675140
476	5.3	254.20000000	259.50000000	.09543940	.19709620
479	6.2	248.80000000	255.00000000	.09547410	.19545750
480	4.4	264.70000000	269.10000000	.09652410	.19709360
474	6.4	242.50000000	248.90000000	.09465380	.19862520
489	7.1	238.70000000	245.80000000	.09722100	.19845210
482	8.5	246.50000000	255.00000000	.10392280	.19212080
485	6.0	245.90000000	251.90000000	.09360180	.20033850
488	6.3	241.50000000	247.80000000	.09530590	.19795130
484	6.2	249.80000000	256.00000000	.09445720	.19760640
486	6.2	240.80000000	247.00000000	.09365080	.19866420
483	6.7	247.20000000	253.90000000	.09604350	.19839840
487	5.8	248.20000000	254.00000000	.09788750	.19772880
481	6.8	243.80000000	250.60000000	.09833570	.19942160
490	6.8	242.70000000	249.50000000	.09922390	.19589520
494	5.0	252.30000000	257.30000000	.09188490	.19900920
492	6.9	239.30000000	246.20000000	.09663670	.19763190
499	7.5	236.70000000	244.20000000	.09893050	.19581180
491	5.9	246.60000000	252.50000000	.09245540	.19748830
498	6.8	238.80000000	245.60000000	.09508180	.19889110
495	4.5	266.90000000	271.40000000	.09405410	.19673220
493	7.4	235.00000000	242.40000000	.09493440	.19617210
497	6.8	246.10000000	252.90000000	.09848630	.19312500
500	6.8	242.30000000	249.10000000	.09707530	.20012360
496	4.0	268.30000000	272.30000000	.09593980	.19415240
