Each row is averaged over 10 samples.
Epoch male_err fem_err total_err MSETrain MSETest
1	50.800	76.200	127.000	.252	.251
2	38.100	88.900	127.000	.250	.252
3	96.800	22.700	119.500	.248	.251
4	39.800	62.500	102.300	.246	.251
5	41.000	74.400	115.400	.246	.252
6	26.000	60.500	86.500	.234	.263
7	23.600	55.900	79.500	.228	.271
8	26.200	58.700	84.900	.230	.277
9	7.300	77.900	85.200	.207	.313
10	18.300	76.000	94.300	.207	.322
11	12.900	54.700	67.600	.199	.301
12	10.300	61.100	71.400	.188	.333
13	17.700	62.300	80.000	.193	.340
14	13.300	50.500	63.800	.170	.404
15	12.100	55.100	67.200	.163	.389
16	15.400	43.700	59.100	.161	.389
17	18.400	44.300	62.700	.172	.399
18	11.000	55.800	66.800	.154	.409
19	12.300	53.500	65.800	.159	.401
20	11.200	52.600	63.800	.152	.433
21	11.300	53.200	64.500	.150	.432
22	11.500	51.500	63.000	.149	.407
23	11.100	52.600	63.700	.148	.426
24	10.900	54.400	65.300	.149	.413
25	11.800	52.100	63.900	.148	.434
26	11.700	52.300	64.000	.148	.443
27	10.600	55.000	65.600	.146	.440
28	11.500	51.700	63.200	.146	.448
29	10.900	54.300	65.200	.144	.440
30	10.700	52.800	63.500	.143	.456
31	11.400	53.200	64.600	.144	.455
32	11.000	52.500	63.500	.142	.449
33	11.100	54.200	65.300	.142	.434
34	11.200	54.200	65.400	.143	.442
35	11.600	52.400	64.000	.140	.456
36	11.000	54.100	65.100	.140	.472
37	10.000	55.200	65.200	.140	.444
38	11.200	52.300	63.500	.138	.468
39	10.400	54.400	64.800	.140	.450
40	10.900	53.400	64.300	.138	.476
41	10.300	55.300	65.600	.138	.471
42	10.900	51.900	62.800	.138	.472
43	11.200	51.300	62.500	.140	.447
44	11.300	53.300	64.600	.139	.472
45	10.200	55.500	65.700	.137	.473
46	10.900	53.000	63.900	.137	.475
47	11.200	53.400	64.600	.138	.456
48	10.400	53.600	64.000	.137	.482
49	10.900	51.400	62.300	.137	.475
50	10.400	54.700	65.100	.136	.473
51	10.300	53.800	64.100	.138	.452
52	10.800	53.800	64.600	.136	.488
53	10.400	54.100	64.500	.135	.476
54	10.600	56.300	66.900	.135	.485
55	10.200	56.700	66.900	.134	.490
56	11.100	54.600	65.700	.137	.466
57	10.400	54.300	64.700	.134	.491
58	10.100	53.900	64.000	.134	.488
59	10.300	55.400	65.700	.136	.484
60	10.700	53.800	64.500	.136	.477
61	10.000	56.100	66.100	.134	.480
62	10.900	53.400	64.300	.135	.485
63	10.600	53.500	64.100	.135	.480
64	10.900	52.600	63.500	.135	.475
65	10.500	55.600	66.100	.134	.489
66	10.400	54.300	64.700	.136	.472
67	10.700	54.000	64.700	.135	.484
68	10.400	55.700	66.100	.135	.479
69	10.300	55.100	65.400	.133	.485
70	10.900	52.500	63.400	.135	.483
71	10.900	53.200	64.100	.135	.476
72	9.800	57.800	67.600	.134	.481
73	10.200	55.600	65.800	.134	.477
74	10.600	53.100	63.700	.134	.487
75	10.700	54.500	65.200	.135	.470
76	10.100	55.300	65.400	.132	.492
77	9.300	60.100	69.400	.130	.496
78	10.300	56.200	66.500	.132	.491
79	10.000	56.900	66.900	.132	.497
80	9.900	56.100	66.000	.132	.491
81	10.200	58.200	68.400	.131	.483
82	9.900	57.800	67.700	.130	.498
83	9.900	57.900	67.800	.132	.492
84	10.100	55.500	65.600	.132	.483
85	10.200	56.900	67.100	.133	.486
86	9.400	58.500	67.900	.131	.491
87	10.000	58.200	68.200	.131	.493
88	10.400	55.600	66.000	.132	.479
89	9.700	59.300	69.000	.129	.493
90	9.900	55.900	65.800	.131	.492
91	10.300	54.900	65.200	.131	.480
92	10.100	56.200	66.300	.131	.483
93	10.200	55.300	65.500	.132	.481
94	9.900	58.900	68.800	.130	.485
95	9.800	58.100	67.900	.130	.494
96	10.000	56.100	66.100	.129	.489
97	9.800	58.700	68.500	.130	.479
98	9.800	59.600	69.400	.130	.489
99	10.000	57.300	67.300	.128	.495
100	10.300	56.600	66.900	.128	.494
