epoch avg_male_fail avg_fem_fail avg_total_fail
4	0	309	309
1	0	309	309
3	0	309	309
2	0	309	309
6	3	291	294
5	0	308	308
8	14	252	266
7	4	283	287
9	23	228	251
11	53	187	240
12	32	215	247
10	43	198	241
13	32	208	240
14	37	207	244
15	40	199	239
17	35	207	242
16	33	211	244
20	30	211	241
18	29	212	241
22	29	211	240
25	21	215	236
21	31	209	240
19	26	214	240
23	26	212	238
24	25	207	232
28	25	203	228
30	23	209	232
26	26	204	230
31	25	202	227
27	29	199	228
29	27	202	229
33	26	202	228
34	26	200	226
32	25	201	226
35	25	201	226
37	25	202	227
36	26	198	224
39	23	206	229
41	24	205	229
38	25	201	226
40	23	203	226
46	23	206	229
45	22	205	227
42	24	203	227
43	24	204	228
47	26	200	226
44	23	206	229
50	22	205	227
48	24	203	227
49	23	204	227
52	23	204	227
58	22	207	229
54	23	205	228
57	22	208	230
61	24	201	225
65	18	214	232
53	20	208	228
59	21	209	230
63	18	211	229
51	24	204	228
68	14	218	232
60	17	216	233
62	20	206	226
72	16	218	234
73	16	216	232
69	17	216	233
93	9	234	243
55	24	205	229
80	12	221	233
64	20	207	227
74	18	210	228
66	15	217	232
89	12	222	234
81	12	225	237
67	16	212	228
56	21	207	228
79	14	219	233
86	14	217	231
76	14	221	235
83	14	218	232
70	18	212	230
78	13	219	232
75	16	214	230
92	10	231	241
77	15	217	232
88	11	230	241
94	10	230	240
85	12	226	238
90	11	224	235
84	13	223	236
87	13	220	233
71	14	218	232
91	12	227	239
97	10	230	240
96	11	228	239
82	12	224	236
99	11	227	238
95	12	226	238
100	9	234	243
98	9	233	242
115	7	242	249
111	7	244	251
105	11	228	239
101	9	235	244
114	9	233	242
102	10	228	238
126	6	246	252
119	7	243	250
104	9	236	245
120	7	239	246
112	8	240	248
116	8	237	245
107	8	243	251
130	7	246	253
125	7	249	256
141	6	247	253
124	8	239	247
145	6	252	258
139	7	243	250
106	9	234	243
131	6	246	252
113	8	239	247
144	6	256	262
123	7	244	251
134	6	251	257
129	7	238	245
109	7	239	246
118	8	239	247
103	9	233	242
122	7	247	254
128	7	250	257
136	8	244	252
108	9	233	242
137	6	252	258
133	7	243	250
117	8	240	248
110	7	239	246
121	7	242	249
135	7	246	253
140	7	248	255
146	7	245	252
143	6	252	258
142	6	247	253
138	7	248	255
127	8	238	246
132	6	247	253
147	6	249	255
148	6	247	253
149	6	250	256
150	6	252	258
151	6	249	255
152	6	250	256
160	6	251	257
155	6	251	257
161	5	254	259
192	6	249	255
156	6	249	255
186	5	257	262
159	6	249	255
162	6	253	259
170	6	251	257
169	5	255	260
158	6	249	255
157	6	249	255
173	5	256	261
172	6	253	259
167	6	252	258
195	5	258	263
182	5	253	258
153	6	251	257
168	5	256	261
176	5	253	258
163	5	253	258
164	6	255	261
190	5	255	260
188	5	252	257
165	6	251	257
185	5	257	262
174	6	251	257
154	6	252	258
178	5	251	256
194	5	257	262
199	6	256	262
187	6	249	255
183	5	252	257
189	5	257	262
184	6	256	262
193	6	254	260
198	5	256	261
175	5	255	260
179	6	251	257
181	5	256	261
166	6	253	259
177	6	254	260
191	5	257	262
180	5	253	258
171	6	254	260
196	5	257	262
197	5	257	262
200	5	253	258
209	4	257	261
206	6	253	259
222	5	251	256
204	5	256	261
208	5	257	262
201	4	257	261
203	5	255	260
235	4	254	258
207	4	259	263
215	5	254	259
212	5	255	260
228	5	254	259
229	4	256	260
220	5	254	259
232	4	254	258
205	4	259	263
211	5	257	262
238	4	256	260
249	4	257	261
210	5	258	263
218	5	254	259
202	5	252	257
225	5	255	260
214	4	255	259
234	4	256	260
227	4	258	262
216	5	258	263
221	5	255	260
219	4	254	258
223	5	254	259
231	5	257	262
243	4	255	259
217	5	254	259
237	3	258	261
239	4	254	258
226	5	257	262
213	5	255	260
224	4	256	260
233	5	256	261
246	4	255	259
236	4	257	261
247	4	259	263
241	4	256	260
240	4	257	261
250	4	255	259
245	4	258	262
230	5	257	262
244	4	256	260
248	4	257	261
242	4	255	259
275	3	257	260
251	3	256	259
253	3	256	259
283	3	256	259
265	5	256	261
285	3	255	258
271	4	256	260
297	3	254	257
274	3	256	259
262	4	255	259
257	4	255	259
256	3	254	257
264	4	253	257
276	4	255	259
293	4	252	256
261	4	257	261
272	3	259	262
263	4	255	259
260	4	253	257
255	3	254	257
267	3	255	258
268	4	254	258
292	3	256	259
289	4	254	258
300	3	255	258
252	4	253	257
266	3	257	260
269	4	257	261
282	3	256	259
258	4	255	259
284	3	257	260
299	3	255	258
287	3	254	257
270	3	257	260
280	3	255	258
259	4	254	258
277	4	255	259
278	4	257	261
254	4	258	262
286	3	255	258
281	4	255	259
288	4	255	259
295	3	255	258
290	3	251	254
296	3	255	258
273	4	258	262
291	3	257	260
279	3	252	255
294	3	258	261
298	3	256	259
301	4	257	261
319	4	253	257
323	3	252	255
310	4	254	258
312	3	257	260
311	3	256	259
333	3	256	259
329	3	255	258
308	3	255	258
326	3	253	256
304	3	255	258
331	3	252	255
302	4	254	258
347	3	252	255
316	4	256	260
325	3	256	259
336	3	256	259
328	3	254	257
307	3	255	258
314	3	254	257
320	3	257	260
324	3	254	257
306	3	256	259
317	3	258	261
335	3	256	259
303	4	253	257
321	3	256	259
342	2	252	254
327	3	254	257
313	4	254	258
348	3	255	258
315	3	255	258
338	3	253	256
337	3	255	258
318	3	251	254
330	3	252	255
344	3	255	258
322	3	253	256
345	3	253	256
346	3	255	258
350	3	250	253
305	3	256	259
309	3	256	259
349	3	254	257
339	3	253	256
334	4	259	263
343	3	257	260
341	4	254	258
332	3	255	258
340	3	253	256
355	3	256	259
385	3	251	254
366	3	255	258
358	3	252	255
351	3	255	258
356	2	252	254
361	3	252	255
354	3	253	256
362	3	255	258
384	3	254	257
383	3	252	255
379	2	255	257
370	3	254	257
388	3	252	255
399	3	251	254
353	3	253	256
363	3	257	260
367	3	254	257
371	3	254	257
372	3	254	257
393	3	252	255
374	2	253	255
390	3	255	258
386	3	253	256
376	3	252	255
382	2	254	256
357	3	255	258
395	3	250	253
364	3	254	257
360	3	253	256
359	2	253	255
398	3	254	257
380	2	252	254
397	3	253	256
378	3	253	256
387	3	253	256
369	3	253	256
368	3	255	258
375	3	254	257
392	2	254	256
389	3	251	254
377	3	253	256
373	3	251	254
352	3	256	259
365	3	255	258
396	2	250	252
394	3	252	255
391	3	253	256
381	3	253	256
400	3	255	258
402	3	256	259
413	2	254	256
406	3	249	252
425	2	253	255
418	2	251	253
408	3	250	253
428	2	253	255
417	2	255	257
405	2	255	257
407	2	252	254
443	2	250	252
403	2	251	253
440	2	253	255
423	2	250	252
419	2	250	252
430	3	253	256
450	3	254	257
431	2	253	255
412	2	253	255
401	3	252	255
404	3	254	257
416	2	253	255
438	2	251	253
429	2	254	256
421	2	252	254
424	3	252	255
435	3	252	255
433	2	252	254
426	3	254	257
445	3	248	251
446	2	254	256
449	3	250	253
411	3	251	254
432	2	251	253
427	2	250	252
434	2	251	253
409	3	251	254
414	2	255	257
437	3	251	254
444	2	252	254
436	3	253	256
447	2	250	252
442	2	250	252
410	3	250	253
422	2	253	255
420	2	253	255
439	2	253	255
415	3	251	254
448	3	251	254
441	2	252	254
465	3	253	256
479	3	250	253
463	3	255	258
462	3	252	255
470	2	251	253
453	3	249	252
451	2	251	253
493	2	250	252
452	3	250	253
459	2	252	254
460	3	251	254
468	2	250	252
461	2	251	253
480	2	250	252
464	2	253	255
454	2	255	257
481	3	253	256
486	2	251	253
498	2	250	252
469	3	251	254
473	3	251	254
488	2	250	252
490	3	250	253
455	3	252	255
472	3	252	255
475	2	250	252
484	2	253	255
476	3	252	255
497	2	249	251
467	3	249	252
456	3	250	253
458	2	254	256
495	2	251	253
494	2	251	253
489	2	252	254
500	2	250	252
482	2	251	253
478	2	251	253
485	2	246	248
492	2	251	253
496	2	250	252
477	3	251	254
457	2	250	252
487	2	250	252
499	3	250	253
474	3	252	255
471	3	252	255
491	2	252	254
483	2	251	253
466	2	251	253
