290	216	238	402	397	338	324
-1
302	221	240	415	414	347	339
-1
335	255	268	484	479	390	380
-1
316	249	267	462	460	362	366
-1
294	222	238	416	413	346	340
-1
300	222	248	435	430	358	351
-1
325	230	252	458	457	378	369
-1
289	215	230	409	405	337	336
-1
284	224	239	405	403	330	327
-1
319	257	272	450	449	377	377
-1
324	242	257	469	463	366	365
-1
292	211	231	423	420	352	345
-1
332	234	254	476	471	385	378
-1
309	228	245	419	416	349	348
-1
316	239	255	457	453	367	360
-1
316	244	260	473	468	390	374
-1
311	228	250	444	438	368	359
-1
292	211	226	415	412	340	329
-1
328	245	262	439	439	357	360
-1
291	213	230	424	420	339	327
-1
306	250	268	446	444	355	354
-1
290	216	236	404	400	333	325
-1
318	253	273	454	448	385	377
-1
297	214	224	415	410	323	319
-1
270	212	233	393	390	330	319
-1
323	242	263	460	456	385	380
-1
320	260	277	469	467	392	395
-1
309	228	250	432	429	338	342
-1
294	217	230	408	404	355	336
-1
316	236	254	452	449	369	362
-1
291	216	236	410	405	337	338
-1
341	255	273	468	463	390	384
-1
298	215	230	421	417	347	344
-1
285	228	250	404	399	345	334
-1
307	236	253	450	441	359	358
-1
289	224	235	437	435	357	355
-1
269	213	227	421	417	336	341
-1
310	241	258	451	446	373	365
-1
303	235	245	427	422	342	337
-1
307	237	259	420	411	340	336
-1
300	224	240	430	425	367	357
-1
295	212	227	414	412	335	324
-1
332	239	257	485	477	382	377
-1
287	220	241	427	421	354	349
-1
306	244	266	440	439	359	363
-1
302	224	245	429	419	343	345
-1
303	224	241	434	430	336	337
-1
327	245	260	473	470	389	386
-1
295	225	236	441	437	366	361
-1
285	221	237	415	415	360	347
-1
299	210	224	431	429	320	323
-1
311	229	243	431	424	346	344
-1
310	238	250	443	441	368	364
-1
310	248	265	454	448	385	378
-1
343	273	290	490	481	416	406
-1
301	221	238	426	422	353	352
-1
309	233	255	423	419	355	354
-1
298	206	214	386	383	307	305
-1
297	221	240	428	425	332	336
-1
327	242	255	454	450	366	362
-1
329	233	252	459	456	353	352
-1
335	254	268	489	480	404	398
-1
300	232	254	410	409	360	355
-1
295	220	235	407	401	332	321
-1
315	234	260	463	458	376	371
-1
298	216	230	429	426	350	331
-1
298	222	240	411	408	328	331
-1
313	240	260	420	419	350	343
-1
284	212	231	401	399	342	334
-1
322	227	243	433	428	370	362
-1
327	252	269	451	445	371	366
-1
294	208	227	412	410	325	316
-1
292	228	243	414	410	340	342
-1
328	239	252	471	462	380	376
-1
294	228	244	434	431	351	348
-1
305	238	254	454	449	384	375
-1
332	246	263	450	444	385	374
-1
271	230	255	398	394	324	330
-1
307	236	258	449	446	377	374
-1
300	228	247	437	436	363	357
-1
316	214	226	437	434	356	348
-1
287	223	242	422	420	328	328
-1
304	210	228	418	415	336	338
-1
296	233	250	440	438	354	356
-1
323	244	260	464	462	401	384
-1
336	250	268	472	470	384	392
-1
311	228	250	438	433	368	357
-1
325	237	250	443	438	379	365
-1
295	226	243	397	394	325	326
-1
277	199	216	385	382	307	298
-1
316	241	258	451	445	374	365
-1
288	218	233	413	410	346	333
-1
309	231	248	424	418	349	344
-1
292	212	227	425	421	337	321
-1
300	218	233	437	434	356	349
-1
286	205	223	405	402	326	318
-1
321	247	270	447	446	370	357
-1
309	236	252	458	455	381	367
-1
307	247	267	444	442	367	367
-1
272	195	214	387	380	312	310
-1
310	237	254	451	446	362	356
-1
292	235	254	442	435	352	354
-1
297	232	246	430	439	342	338
-1
288	216	231	413	407	337	339
-1
290	227	247	404	399	330	332
-1
278	213	232	409	405	345	342
-1
296	228	248	426	412	346	338
-1
329	262	280	467	458	379	373
-1
301	221	239	431	430	354	349
-1
317	234	254	456	452	376	369
-1
309	229	250	454	450	371	367
-1
305	232	248	432	424	351	342
-1
315	244	263	465	462	382	377
-1
294	218	238	410	408	334	335
-1
310	231	252	438	434	359	354
-1
302	237	254	432	427	348	345
-1
289	199	221	403	402	335	326
-1
312	243	261	462	456	383	382
-1
291	205	225	404	403	314	317
-1
304	233	250	441	436	364	363
-1
297	212	232	423	419	338	327
-1
298	236	255	439	434	340	339
-1
325	240	259	474	471	391	374
-1
300	228	248	444	440	340	346
-1
326	258	278	475	468	386	385
-1
303	230	240	445	443	360	351
-1
301	226	244	440	436	357	342
-1
303	237	249	451	448	356	348
-1
306	232	250	439	436	364	360
-1
314	239	253	459	456	383	374
-1
343	249	267	502	500	389	390
-1
332	255	269	474	469	383	369
-1
295	218	236	412	410	342	329
-1
308	223	238	436	435	352	346
-1
307	336	250	471	468	367	369
-1
290	213	230	401	400	314	313
-1
290	232	249	440	436	371	365
-1
314	237	251	433	428	356	343
-1
314	239	254	432	429	362	364
-1
309	232	250	426	423	353	348
-1
334	254	273	514	505	424	414
-1
273	199	218	389	382	304	301
-1
283	215	230	413	412	353	346
-1
324	253	269	472	465	387	382
-1
298	218	234	422	418	349	341
-1
310	240	265	435	430	374	375
-1
310	233	256	432	427	360	355
-1
299	229	249	437	437	369	370
-1
311	225	245	454	450	354	343
-1
307	250	264	459	456	387	383
-1
323	235	260	457	452	356	356
-1
309	225	239	434	428	357	354
-1
317	237	250	450	443	375	358
-1
301	229	250	418	414	336	336
-1
296	217	231	414	410	345	340
-1
304	230	247	427	424	345	351
-1
312	233	248	450	445	360	359
-1
322	254	280	459	456	390	392
-1
323	227	248	432	427	351	349
-1
315	236	253	437	434	376	368
-1
313	230	240	425	421	330	334
-1
310	237	255	445	443	384	375
-1
292	220	235	428	424	344	333
-1
309	240	258	442	437	372	361
-1
298	214	236	428	420	334	330
-1
304	228	248	440	435	364	357
-1
284	212	224	401	397	333	317
-1
307	228	243	447	444	356	345
-1
322	232	252	455	451	367	367
-1
320	245	261	472	465	374	362
-1
304	235	257	441	439	353	357
-1
327	234	257	469	464	373	368
-1
324	230	249	455	448	370	362
-1
282	216	233	397	395	334	319
-1
321	239	251	442	436	366	357
-1
312	225	247	438	431	363	361
-1
313	218	234	431	431	335	343
-1
302	230	242	450	448	371	358
-1
301	232	252	431	427	345	342
-1
303	221	244	444	441	356	343
-1
318	253	273	457	453	380	370
-1
299	232	246	428	423	349	348
-1
295	224	238	440	440	341	341
-1
305	231	251	453	447	369	357
-1
311	224	240	450	446	386	371
-1
311	231	254	443	441	353	362
-1
320	243	261	417	416	355	359
-1
335	239	249	471	468	373	368
-1
334	270	285	482	477	396	392
-1
343	247	261	462	461	390	380
-1
285	219	239	401	398	322	323
-1
322	229	247	446	443	366	362
-1
297	218	232	413	406	343	334
-1
302	235	252	423	422	344	347
-1
290	216	230	407	404	336	323
-1
320	237	250	461	456	385	376
-1
300	220	242	426	422	352	343
-1
316	239	259	456	450	371	364
-1
311	225	245	441	437	363	356
-1
294	204	219	418	408	330	320
-1
296	229	252	434	420	359	359
-1
315	238	258	461	456	389	383
-1
321	230	252	439	436	361	360
-1
310	221	242	433	429	362	348
-1
301	230	247	418	415	341	339
-1
299	236	254	436	437	352	339
-1
325	242	257	451	446	375	372
-1
293	231	249	405	401	350	343
-1
302	220	235	418	409	338	334
-1
300	209	220	404	401	334	324
-1
306	231	245	446	442	368	348
-1
304	226	249	442	437	351	353
-1
319	243	260	447	442	375	374
-1
288	198	219	426	422	321	313
-1
330	234	258	471	465	365	362
-1
307	233	248	446	444	356	347
-1
295	220	238	426	420	339	333
-1
330	225	246	452	448	366	356
-1
322	232	250	440	437	372	360
-1
307	220	231	424	423	345	340
-1
310	224	239	443	440	354	344
-1
314	230	243	436	432	359	355
-1
273	203	220	384	378	312	309
-1
299	229	240	424	420	348	347
-1
294	214	232	412	410	328	327
-1
318	235	257	445	442	364	359
-1
283	208	230	401	396	337	331
-1
308	226	243	420	414	355	351
-1
328	247	260	467	461	384	375
-1
307	228	243	445	437	364	351
-1
301	216	232	430	427	343	343
-1
337	251	269	468	461	398	389
-1
316	228	248	450	446	364	362
-1
316	240	262	457	453	367	367
-1
300	223	241	409	405	355	353
-1
309	233	259	447	437	367	357
-1
292	240	262	426	426	353	352
-1
305	223	238	420	418	345	337
-1
330	247	260	454	450	378	358
-1
318	235	253	459	457	381	370
-1
331	251	265	486	480	398	392
-1
284	216	229	424	424	343	335
-1
266	205	222	387	386	316	309
-1
298	217	229	434	429	339	339
-1
276	200	219	392	389	316	314
-1
312	221	239	445	442	361	351
-1
280	212	237	389	388	321	320
-1
308	245	259	449	438	366	363
-1
320	254	270	454	450	380	381
-1
298	219	243	435	432	344	333
-1
300	234	250	444	441	364	350
-1
316	240	254	440	438	353	352
-1
312	242	256	456	452	377	376
-1
292	215	227	409	405	335	329
-1
317	230	247	462	461	374	373
-1
293	212	225	404	399	334	332
-1
334	252	269	482	480	397	386
-1
287	214	232	385	384	326	322
-1
300	220	235	449	444	348	346
-1
300	220	235	433	429	362	363
-1
317	233	245	463	457	364	355
-1
289	220	239	437	434	341	339
-1
309	244	257	449	445	381	375
-1
315	244	263	465	462	382	377
-1
304	232	248	432	428	357	351
-1
302	215	232	435	432	357	339
-1
264	194	212	394	390	310	304
-1
304	225	235	425	422	353	348
-1
291	213	230	445	438	349	345
-1
293	220	238	418	414	339	334
-1
301	225	240	433	424	356	354
-1
318	247	262	475	472	370	367
-1
288	223	239	403	399	335	328
-1
322	257	267	479	475	395	386
-1
291	214	234	385	379	313	310
-1
312	231	244	437	434	362	357
-1
286	230	243	417	416	350	342
-1
319	245	261	451	447	355	356
-1
309	249	269	453	447	372	372
-1
312	240	260	437	433	357	360
-1
289	211	225	399	396	322	320
-1
294	227	247	426	421	355	341
-1
278	206	223	408	405	328	326
-1
307	224	239	433	429	347	342
-1
324	235	249	460	458	365	367
-1
327	232	247	470	464	376	379
-1
322	253	273	456	448	377	379
-1
306	239	255	412	405	354	339
-1
308	222	235	443	435	359	360
-1
294	217	240	437	435	365	359
-1
284	209	225	395	393	317	317
-1
321	253	274	466	465	380	390
-1
308	216	235	423	420	344	339
-1
282	213	225	400	395	322	308
-1
332	240	255	454	448	369	367
-1
298	239	257	429	425	347	353
-1
300	222	236	436	435	343	339
-1
309	226	244	423	416	345	342
-1
298	224	242	435	431	335	338
-1
323	238	254	442	442	360	357
-1
328	233	264	478	475	405	398
-1
290	209	225	425	424	332	325
-1
303	228	243	436	431	360	356
-1
308	239	256	415	409	345	341
-1
280	225	246	418	415	343	337
-1
311	225	240	447	445	374	370
-1
330	256	272	464	458	379	391
-1
310	236	252	462	456	371	366
-1
300	238	256	435	428	357	363
-1
311	234	251	422	420	351	357
-1
317	246	258	450	445	366	363
-1
301	227	243	434	432	356	348
-1
294	217	232	419	414	338	330
-1
302	214	227	431	425	350	346
-1
315	247	268	453	446	379	373
-1
307	238	256	416	416	355	352
-1
306	225	241	438	435	356	349
-1
310	235	248	423	419	339	340
-1
287	215	236	431	427	349	341
-1
303	238	255	436	435	353	352
-1
308	220	247	386	381	352	341
-1
313	259	283	455	445	363	364
-1
314	240	261	447	443	369	364
-1
310	241	262	441	439	373	365
-1
319	247	268	442	439	371	364
-1
303	231	248	436	430	365	353
-1
312	223	245	451	445	363	364
-1
300	218	237	421	417	326	321
-1
318	223	238	429	428	348	346
-1
299	223	235	447	440	377	380
-1
323	247	262	460	458	385	384
-1
312	232	249	450	445	368	365
-1
294	224	240	421	417	353	346
-1
313	245	261	447	444	372	369
-1
312	235	250	434	434	366	366
-1
356	263	281	479	474	413	404
-1
311	237	253	437	437	360	347
-1
309	235	254	437	431	377	371
-1
281	211	230	389	383	322	318
-1
287	219	239	428	424	348	348
-1
309	226	241	440	437	362	357
-1
315	256	276	455	451	390	383
-1
318	245	262	460	456	378	377
-1
314	223	239	432	430	350	342
-1
276	209	234	396	393	327	326
-1
298	212	223	429	423	333	331
-1
272	200	220	402	400	326	321
-1
333	252	267	476	474	408	401
-1
305	222	236	440	438	351	349
-1
299	225	245	428	424	349	349
-1
294	228	245	422	419	341	334
-1
297	228	245	441	440	355	361
-1
300	225	239	427	421	351	347
-1
293	222	238	416	414	333	342
-1
309	216	235	432	430	342	342
-1
333	247	261	468	467	404	391
-1
329	248	263	473	468	400	383
-1
308	226	246	441	435	348	345
-1
304	234	251	440	437	361	358
-1
327	249	263	450	446	374	367
-1
342	240	254	476	473	379	368
-1
327	253	277	464	458	393	385
-1
337	265	285	453	448	366	366
-1
313	239	258	447	444	351	357
-1
308	228	243	436	432	366	365
-1
314	227	242	439	437	339	336
-1
310	235	260	445	440	370	355
-1
293	207	222	416	414	334	324
-1
304	237	260	437	433	367	366
-1
319	230	239	436	433	364	354
-1
290	218	233	428	425	344	345
-1
290	214	228	416	414	336	335
-1
286	218	230	411	406	325	321
-1
329	229	244	451	449	345	352
-1
283	208	224	407	405	312	315
-1
271	205	214	390	386	312	301
-1
312	233	253	428	426	365	361
-1
322	229	246	448	444	368	347
-1
314	231	245	436	435	360	360
-1
282	212	227	435	429	348	339
-1
306	241	260	437	434	363	362
-1
348	265	287	492	483	408	408
-1
299	230	248	420	416	352	346
-1
289	209	221	398	395	320	312
-1
309	233	250	418	411	352	352
-1
317	227	244	440	436	360	355
-1
278	206	224	398	396	320	320
-1
323	256	271	436	430	383	383
-1
300	228	244	426	423	351	347
-1
305	226	243	442	436	360	353
-1
355	274	297	500	494	422	423
-1
290	212	227	403	400	315	320
-1
279	206	223	410	404	331	320
-1
332	255	270	494	488	419	401
-1
302	227	243	432	429	355	347
-1
279	208	227	388	386	325	326
-1
292	220	235	448	443	360	352
-1
315	245	265	448	446	368	364
-1
327	263	287	456	453	400	394
-1
321	247	272	446	445	372	358
-1
296	226	245	414	409	348	349
-1
303	223	242	425	429	365	360
-1
274	209	230	397	392	326	327
-1
318	240	253	483	477	389	374
-1
313	244	259	474	473	368	369
-1
315	240	261	460	459	358	366
-1
286	223	249	409	407	336	332
-1
321	231	246	455	447	364	366
-1
307	230	244	449	448	365	355
-1
302	227	245	429	427	360	364
-1
300	219	237	437	434	343	332
-1
328	248	268	482	476	405	405
-1
283	213	230	398	394	333	326
-1
299	228	247	427	423	345	352
-1
304	229	245	455	448	356	351
-1
336	254	270	494	490	396	382
-1
286	224	246	416	413	333	333
-1
314	235	253	426	424	363	358
-1
306	228	244	449	446	368	361
-1
294	213	230	411	406	329	322
-1
319	237	253	457	449	378	376
-1
314	225	242	431	429	370	356
-1
298	236	250	408	405	343	334
-1
305	225	239	448	444	348	342
-1
313	215	248	453	449	369	355
-1
328	238	259	448	441	373	372
-1
306	236	258	433	427	382	380
-1
342	272	290	489	480	418	407
-1
307	231	243	436	433	356	344
-1
281	211	244	419	416	343	332
-1
299	223	229	417	415	329	323
-1
300	236	254	429	425	353	356
-1
292	228	254	402	402	336	332
-1
279	211	226	407	405	317	307
-1
300	235	253	423	421	370	368
-1
288	221	245	436	433	373	351
-1
314	242	263	437	432	371	358
-1
293	228	247	415	415	342	343
-1
281	211	226	395	393	326	335
-1
299	245	265	415	409	352	354
-1
325	242	256	461	453	388	370
-1
299	232	251	427	423	366	351
-1
298	231	249	425	419	370	351
-1
306	227	242	421	419	352	353
-1
315	245	263	437	431	364	368
-1
291	223	242	448	444	344	345
-1
313	240	259	461	457	372	372
-1
311	219	237	430	424	349	346
-1
300	213	227	420	417	323	314
-1
314	224	236	426	421	349	344
-1
300	228	242	437	427	351	347
-1
312	229	249	434	431	360	356
-1
293	222	240	429	426	347	341
-1
286	216	232	422	421	331	323
-1
314	233	246	444	440	385	367
-1
318	254	268	451	444	365	364
-1
306	230	251	413	407	372	358
-1
322	234	252	459	453	376	369
-1
304	228	246	435	431	361	356
-1
307	220	236	425	421	352	345
-1
312	235	252	440	436	362	350
-1
312	234	253	457	451	361	368
-1
314	227	240	447	444	363	356
-1
309	243	260	443	435	366	362
-1
310	232	250	444	440	367	363
-1
282	214	227	411	409	341	333
-1
308	248	268	436	434	364	360
-1
314	239	258	438	437	378	366
-1
334	255	271	491	487	408	401
-1
319	229	249	429	425	354	354
-1
315	229	243	458	452	375	363
-1
297	224	244	430	426	357	350
-1
313	213	228	416	415	334	337
-1
303	212	226	415	413	316	321
-1
324	246	262	465	463	380	383
-1
311	237	262	460	453	369	370
-1
315	245	260	443	440	363	362
-1
328	247	265	481	479	402	389
-1
293	224	238	442	435	356	345
-1
316	255	277	470	464	383	378
-1
317	246	260	452	450	371	365
-1
330	226	249	465	463	372	365
-1
332	246	265	475	470	373	379
-1
312	223	238	431	428	360	349
-1
302	245	262	441	440	367	359
-1
291	210	228	402	396	329	326
-1
282	223	240	433	429	343	334
-1
313	239	255	447	443	376	369
-1
311	222	235	443	437	342	339
-1
288	201	219	404	399	325	318
-1
292	225	242	435	432	345	349
-1
287	220	237	418	416	343	334
-1
269	198	219	380	378	310	303
-1
308	230	244	428	425	381	365
-1
316	249	267	471	462	392	386
-1
296	238	253	437	432	365	355
-1
336	249	263	466	465	391	388
-1
307	235	250	460	456	371	360
-1
310	224	246	447	439	350	348
-1
317	242	264	449	443	364	363
-1
306	226	248	439	436	347	344
-1
297	227	246	422	418	347	343
-1
309	236	248	433	429	364	358
-1
317	236	253	458	452	381	376
-1
336	254	271	488	483	414	396
-1
286	224	242	416	413	358	350
-1
347	249	258	491	483	418	418
-1
315	230	246	435	433	355	343
-1
304	229	246	431	426	355	343
-1
292	222	238	444	440	328	333
-1
296	216	234	418	413	341	334
-1
318	238	259	445	439	372	372
-1
310	212	231	439	439	354	357
-1
294	218	236	414	410	340	335
-1
276	211	231	422	417	348	343
-1
307	231	245	435	428	363	356
-1
318	246	260	458	450	385	374
-1
304	246	264	467	462	392	383
-1
308	244	256	449	445	378	375
-1
346	246	261	461	458	393	392
-1
298	218	237	427	423	337	335
-1
282	210	229	406	401	327	319
-1
312	247	265	447	441	353	351
-1
297	227	242	415	412	352	346
-1
275	209	226	386	385	330	315
-1
295	223	244	428	423	354	353
-1
309	250	269	456	453	381	364
-1
323	230	243	482	477	381	375
-1
320	246	267	446	437	360	366
-1
308	244	255	451	449	375	362
-1
323	244	259	460	457	388	381
-1