1262 1 1
336
-1
323
-1
332
-1
339
1
312
-1
308
-1
368
1
323
-1
361
1
304
-1
343
1
313
1
324
1
351
1
324
-1
290
-1
320
1
332
1
329
1
336
-1
334
-1
309
-1
334
1
329
1
290
-1
339
1
323
-1
359
1
344
1
305
-1
309
1
336
1
328
1
307
1
310
-1
335
1
357
1
335
-1
322
-1
333
1
301
-1
352
1
330
1
344
1
331
1
317
1
301
1
330
1
310
-1
342
1
278
-1
312
-1
348
1
341
1
289
-1
344
1
287
-1
323
-1
304
-1
315
-1
356
-1
324
1
350
1
334
-1
340
1
335
1
294
1
344
1
277
-1
311
-1
311
-1
290
-1
307
1
298
-1
306
-1
306
-1
290
-1
315
1
331
1
314
1
343
1
348
1
283
-1
340
1
307
-1
345
1
320
-1
367
1
306
1
339
1
344
1
307
-1
347
1
365
1
327
-1
339
1
349
1
351
1
306
-1
308
-1
336
1
300
-1
314
1
300
-1
337
1
310
1
317
-1
288
-1
287
-1
318
-1
294
-1
298
-1
327
1
312
-1
321
1
341
1
344
1
338
1
323
-1
323
1
303
-1
361
1
300
-1
325
-1
303
-1
320
1
281
-1
342
1
330
1
305
1
325
-1
322
1
320
1
312
-1
352
1
320
1
303
-1
343
1
313
-1
317
-1
338
1
324
-1
340
1
305
-1
340
1
325
-1
340
1
278
-1
310
-1
326
1
280
-1
294
-1
324
-1
337
1
349
1
318
1
323
1
332
1
329
1
340
1
295
-1
307
1
335
1
311
1
311
-1
332
1
266
-1
291
-1
361
1
302
-1
360
1
303
-1
302
-1
306
-1
328
-1
340
1
304
-1
344
1
350
1
297
-1
329
1
330
-1
358
1
340
1
286
-1
331
1
322
-1
333
1
300
-1
325
1
330
1
350
1
356
1
332
-1
321
-1
308
-1
307
1
339
1
271
-1
330
1
294
-1
362
1
313
-1
363
1
286
-1
317
-1
335
1
320
-1
319
1
319
1
346
1
314
1
275
-1
312
1
288
-1
306
-1
342
1
329
1
299
-1
298
-1
329
-1
293
-1
306
-1
340
1
272
-1
353
1
324
1
307
-1
358
1
321
1
358
1
325
1
291
-1
318
1
310
-1
361
1
307
-1
368
1
342
1
334
1
300
-1
364
1
313
1
292
-1
310
1
301
-1
345
1
300
-1
284
-1
334
1
297
-1
316
-1
308
-1
336
1
314
-1
341
1
328
-1
272
-1
362
1
341
1
274
-1
274
1
338
1
288
-1
318
1
319
1
325
1
323
-1
299
-1
330
1
304
-1
316
1
292
-1
287
-1
330
1
286
-1
282
-1
319
-1
316
-1
330
1
295
-1
240
-1
309
-1
316
1
316
-1
324
-1
366
1
347
1
307
-1
328
1
342
1
316
-1
292
-1
325
1
316
-1
309
-1
291
-1
298
-1
317
1
269
-1
307
-1
313
-1
309
-1
353
1
298
-1
318
1
344
1
318
-1
320
-1
309
-1
310
-1
304
-1
293
1
299
-1
334
1
300
-1
313
-1
330
1
304
-1
330
1
298
-1
276
-1
340
1
305
-1
310
-1
348
1
308
-1
314
1
347
1
337
1
285
-1
318
-1
325
1
314
-1
297
-1
308
-1
311
-1
290
-1
360
1
319
1
346
1
307
-1
290
-1
332
1
302
-1
340
1
309
-1
331
1
321
1
328
-1
336
-1
320
1
326
1
350
1
305
-1
300
-1
327
-1
323
1
331
1
332
-1
327
-1
350
1
326
-1
290
-1
324
1
354
-1
282
-1
314
-1
337
-1
341
1
331
-1
302
-1
318
-1
338
1
314
-1
337
1
339
1
341
1
310
-1
299
-1
346
1
331
1
284
-1
323
-1
331
1
348
-1
312
-1
308
-1
286
-1
351
1
302
-1
320
-1
336
1
324
-1
322
-1
328
-1
328
-1
312
-1
343
1
370
1
352
1
343
1
292
-1
339
1
316
1
340
1
355
1
340
1
297
-1
299
-1
334
-1
329
-1
315
-1
310
-1
323
-1
289
-1
316
-1
322
-1
318
-1
343
1
318
1
312
-1
297
-1
329
1
314
1
279
-1
282
-1
332
1
327
-1
314
1
309
-1
322
-1
317
-1
318
-1
272
-1
311
-1
347
1
327
1
349
1
317
-1
288
-1
322
1
324
-1
366
1
306
-1
330
1
305
-1
341
1
335
-1
348
1
313
1
292
-1
355
1
312
-1
313
-1
334
1
301
-1
309
-1
311
-1
321
1
307
-1
338
1
319
-1
341
1
294
-1
343
1
303
-1
347
1
336
-1
312
-1
332
1
293
-1
340
1
289
-1
321
1
334
1
326
1
332
1
295
-1
310
1
313
1
309
-1
354
1
326
1
356
1
327
-1
330
-1
340
1
303
-1
315
1
287
-1
303
-1
339
1
296
-1
328
1
342
1
303
1
309
-1
299
-1
292
-1
361
1
342
1
325
-1
307
-1
324
1
325
1
321
-1
309
-1
297
-1
352
1
340
-1
316
1
292
-1
339
1
320
1
335
1
336
1
302
-1
338
1
315
-1
356
1
308
1
296
-1
306
-1
318
-1
294
-1
354
1
355
1
318
-1
348
1
316
1
301
-1
318
1
286
-1
350
1
296
1
302
-1
341
1
316
-1
324
-1
291
-1
354
1
330
-1
328
1
318
-1
306
-1
352
1
343
1
284
-1
333
1
296
-1
340
1
381
1
301
-1
308
-1
300
-1
286
-1
321
-1
292
-1
321
1
309
-1
296
-1
336
1
320
1
311
-1
323
1
297
-1
304
-1
347
1
344
1
294
-1
297
-1
345
1
334
1
317
1
337
1
310
-1
307
-1
305
-1
316
-1
269
-1
336
1
316
1
295
-1
281
-1
320
-1
310
-1
315
-1
353
1
336
1
296
-1
321
1
320
1
320
1
300
-1
299
-1
328
1
328
-1
323
-1
348
1
317
1
315
1
318
-1
308
-1
284
-1
310
-1
323
1
312
-1
319
-1
316
1
329
1
367
1
324
-1
361
1
278
-1
364
1
325
1
298
-1
333
1
277
-1
321
-1
300
-1
305
-1
324
1
349
1
356
1
357
1
359
1
290
-1
301
-1
311
-1
328
1
313
1
352
1
294
-1
317
1
334
1
311
-1
293
-1
304
1
285
1
365
1
321
-1
312
-1
282
-1
282
-1
319
1
352
1
326
1
307
-1
315
-1
334
1
350
1
287
-1
320
1
315
-1
327
1
298
-1
347
1
321
1
344
1
284
-1
311
-1
276
-1
287
-1
333
1
292
-1
282
-1
280
-1
305
-1
304
-1
333
1
335
1
293
-1
338
1
319
-1
312
-1
325
1
318
1
300
-1
309
-1
314
-1
344
1
351
1
325
1
330
1
319
1
335
1
305
-1
287
-1
312
1
291
-1
297
-1
313
-1
295
-1
294
-1
284
-1
360
1
330
1
324
1
308
-1
328
1
288
-1
349
1
323
1
283
-1
333
-1
322
-1
327
1
356
1
307
-1
321
-1
353
1
313
1
303
-1
330
-1
325
1
350
1
312
-1
294
-1
344
1
332
1
328
-1
323
-1
302
1
297
-1
309
-1
312
1
342
1
295
1
310
-1
345
1
310
-1
274
-1
344
1
303
-1
300
-1
299
-1
343
1
287
1
335
1
318
1
322
1
323
1
361
1
345
1
337
1
327
1
327
1
319
-1
341
1
278
-1
264
-1
290
-1
330
1
340
1
300
-1
337
-1
296
-1
315
-1
283
-1
349
1
337
1
333
1
318
-1
309
-1
363
1
323
1
323
1
314
-1
328
1
314
-1
342
1
337
1
335
1
376
1
315
-1
309
-1
320
-1
298
-1
338
1
332
1
345
1
308
-1
333
1
328
1
370
1
327
1
287
-1
339
1
312
-1
337
1
314
1
319
1
299
-1
327
-1
282
-1
360
1
325
1
332
-1
314
-1
320
1
294
-1
298
-1
273
-1
336
1
302
-1
327
1
340
1
317
-1
302
-1
304
-1
346
1
316
1
352
1
307
-1
315
-1
363
1
341
1
340
1
340
1
315
-1
328
1
294
-1
338
1
273
-1
312
-1
325
1
376
1
306
-1
295
-1
310
-1
315
-1
271
-1
352
1
320
-1
313
-1
295
-1
358
1
325
1
353
1
322
1
338
1
309
1
288
-1
316
-1
324
1
335
1
289
-1
292
-1
295
-1
333
1
342
1
307
-1
316
-1
298
-1
300
1
348
1
342
-1
284
-1
336
1
336
1
331
-1
323
-1
309
-1
349
1
288
-1
313
-1
300
-1
362
1
308
-1
338
1
328
1
318
1
319
-1
315
1
306
-1
317
1
321
1
308
-1
352
1
330
-1
342
1
338
1
287
-1
336
1
331
1
300
-1
312
-1
314
-1
291
-1
286
-1
307
-1
336
-1
293
-1
306
-1
304
-1
300
-1
298
1
355
1
317
1
313
-1
291
-1
306
-1
312
1
337
1
308
-1
308
-1
313
-1
314
-1
303
-1
322
1
334
-1
343
1
306
-1
332
1
314
1
342
-1
386
1
304
-1
281
-1
292
-1
359
1
310
1
343
-1
352
1
318
1
312
-1
282
1
303
1
328
1
325
1
351
1
285
-1
283
-1
324
-1
308
-1
332
-1
323
1
312
1
299
-1
311
1
330
-1
301
1
318
-1
313
1
293
-1
361
1
346
1
291
-1
297
-1
367
1
280
-1
339
1
354
1
321
1
321
1
311
-1
293
-1
300
-1
295
-1
340
1
355
-1
304
-1
346
1
342
1
347
1
333
-1
294
-1
315
-1
322
1
362
1
292
-1
331
1
310
-1
352
1
362
1
309
-1
297
-1
318
-1
320
1
340
1
312
1
350
1
317
1
334
-1
349
1
317
-1
296
-1
342
1
302
-1
339
1
300
-1
317
-1
307
-1
325
1
325
-1
299
-1
347
1
322
-1
288
-1
290
-1
309
-1
329
-1
353
1
327
1
304
-1
312
1
331
1
333
1
355
1
342
1
334
1
303
1
324
1
311
-1
314
1
324
1
339
1
374
1
305
-1
319
1
332
-1
346
1
310
-1
335
1
324
1
311
-1
298
-1
335
1
314
-1
345
1
298
-1
340
1
332
1
310
-1
309
-1
318
-1
310
-1
303
-1
285
-1
358
1
319
-1
309
-1
337
1
363
1
329
1
292
-1
340
1
304
-1
345
1
315
-1
319
-1
287
-1
359
1
326
1
314
1
332
-1
344
1
341
-1
320
-1
343
1
300
-1
335
1
345
1
359
1
348
1
327
1
289
-1
334
1
308
1
319
1
314
-1
294
-1
322
-1
329
1
329
-1
334
1
296
-1
339
1
314
-1
327
-1
346
-1
316
-1
322
1
316
-1
317
-1
316
1
318
1
334
1
300
-1
352
1
300
-1
298
-1
324
1
325
1
308
-1
336
1
366
1
322
-1
303
-1
291
-1
326
1
289
-1
338
1
353
1
310
-1
292
1
314
-1
300
-1
301
-1
313
1
341
1
374
1
340
1
313
1
336
1
343
-1
324
1
298
1
300
-1
357
1
316
-1
317
-1
349
1
343
1
333
1
311
-1
342
1
356
1
295
-1
321
-1
329
-1
302
-1
369
1
340
1
303
1
322
-1
286
-1
327
-1
337
-1
299
-1
296
-1
363
1
294
-1
341
1
334
1
301
-1
325
1
344
1
322
-1
321
1
313
-1
333
1
346
1
304
-1
289
-1
293
-1
318
-1
359
1
338
1
290
-1
315
1
319
1
376
1
298
-1
339
1
288
-1
365
1
326
1
276
-1
279
-1
338
1
300
-1
335
-1
310
1
347
1
356
1
302
-1
329
1
309
-1
357
1
311
-1
307
-1
330
1
340
1
362
1
352
1
348
1
328
1
310
-1
328
1
325
1
343
1
293
-1
348
1
319
-1
364
1
343
-1
315
-1
347
-1
310
1
309
1
326
1
339
1
344
1
339
1
334
1
353
1
326
1
339
1
309
-1
297
-1
321
1
333
1
301
-1
344
1
343
1
298
1
345
1
307
-1
304
-1
321
1
323
-1
338
1
358
1
323
1
360
1
331
1
332
1
301
-1
362
1
362
1
317
-1
321
-1
315
-1
296
-1
279
-1
379
1
314
-1
309
1
335
1
336
1
339
-1
316
1
318
1
270
-1
311
-1
276
1
351
1
341
1
320
1
321
-1
315
-1
294
-1
332
1
310
-1
299
-1
306
1
290
-1
355
1
334
1