334	245	260	489	484	405	388
1
367	275	292	503	499	428	426
1
365	276	295	518	515	437	423
1
344	260	273	498	494	396	389
1
367	261	280	491	489	390	386
1
358	261	277	503	501	431	414
1
366	274	294	523	518	435	428
1
341	253	262	462	460	400	388
1
310	236	257	453	451	404	379
1
361	254	271	503	501	419	404
1
274	225	245	425	420	354	348
1
321	248	258	457	452	386	376
1
381	285	300	518	514	453	435
1
312	228	248	435	432	356	354
1
376	274	291	511	510	404	390
1
335	243	267	478	472	367	371
1
341	285	301	481	477	412	406
1
301	221	239	408	404	337	335
1
317	242	262	460	456	379	370
1
306	232	245	454	451	383	356
1
318	231	248	448	444	363	341
1
326	266	282	459	457	394	366
1
319	247	265	436	432	366	361
1
312	231	252	432	431	358	366
1
357	263	284	512	508	429	403
1
343	265	283	475	473	410	409
1
361	266	289	509	506	394	395
1
340	251	273	505	501	396	384
1
338	259	275	482	479	412	396
1
350	260	274	477	474	410	392
1
300	245	264	431	427	360	358
1
324	254	277	476	472	384	383
1
314	243	259	452	450	375	368
1
311	228	250	431	429	375	366
1
350	254	273	472	471	421	404
1
340	272	290	479	474	408	413
1
323	261	279	455	453	398	385
1
332	246	263	481	476	412	390
1
354	268	287	494	491	409	404
1
330	241	259	466	461	393	379
1
347	260	278	481	480	419	405
1
323	227	244	464	462	363	339
1
375	277	293	533	523	433	430
1
328	265	277	458	454	378	379
1
323	244	260	411	410	364	350
1
332	246	261	450	446	365	360
1
357	272	289	510	507	439	429
1
333	255	276	489	483	404	397
1
320	242	259	464	459	383	373
1
312	237	256	455	454	358	363
1
336	257	275	482	480	396	376
1
312	240	260	443	442	361	364
1
335	267	284	477	476	405	391
1
313	263	277	474	469	402	396
1
356	257	272	510	507	418	410
1
366	275	293	507	502	429	409
1
306	234	255	449	446	364	346
1
311	222	241	425	424	357	342
1
342	258	277	472	468	412	393
1
355	284	298	517	515	455	425
1
319	244	261	438	435	375	377
1
325	229	248	439	435	360	342
1
354	264	285	490	484	416	407
1
317	265	290	443	440	406	392
1
344	254	270	491	485	396	382
1
329	259	274	463	458	392	384
1
329	226	248	458	455	384	365
1
323	247	265	478	475	388	373
1
337	238	256	469	465	385	365
1
316	244	262	452	448	386	368
1
337	249	265	468	464	393	375
1
317	224	245	433	430	358	333
1
330	247	265	455	454	402	391
1
344	259	276	478	475	414	396
1
342	258	280	485	483	417	396
1
305	228	239	423	422	350	356
1
311	237	261	455	448	376	363
1
326	245	268	480	476	382	364
1
302	237	258	434	430	368	361
1
329	248	265	451	447	376	377
1
343	264	277	515	511	410	389
1
314	242	258	452	451	391	369
1
350	254	274	497	492	404	391
1
334	259	276	472	470	383	384
1
337	269	288	478	473	431	393
1
320	238	253	455	453	388	374
1
343	263	279	486	484	414	412
1
334	247	270	471	471	374	369
1
338	259	277	475	472	401	397
1
349	270	285	479	474	412	400
1
353	258	273	492	486	390	368
1
357	258	273	482	479	382	381
1
347	254	270	492	486	408	382
1
340	238	260	449	448	383	367
1
350	256	273	487	481	416	406
1
331	260	282	474	471	390	387
1
320	247	269	452	450	382	379
1
325	242	259	457	455	384	371
1
352	272	287	516	513	452	429
1
309	231	248	419	418	344	344
1
304	234	251	423	422	357	358
1
337	255	275	480	478	408	401
1
358	253	273	508	505	406	405
1
328	249	265	494	486	403	386
1
307	216	231	394	393	318	319
1
339	257	276	486	482	393	408
1
349	262	278	479	473	395	392
1
366	271	299	501	497	417	412
1
314	238	254	437	436	358	356
1
303	238	251	426	421	349	338
1
325	242	259	456	454	375	361
1
328	243	262	468	464	400	399
1
363	275	292	526	520	436	432
1
335	237	256	465	464	389	373
1
346	263	285	471	467	395	393
1
313	235	248	453	450	384	367
1
329	262	284	481	478	396	396
1
335	264	283	507	504	431	407
1
301	232	250	427	425	359	355
1
328	244	260	458	457	380	370
1
326	255	273	464	461	408	395
1
360	277	289	520	516	457	426
1
337	251	270	500	496	420	403
1
353	256	273	469	466	382	383
1
346	252	266	475	471	377	380
1
347	260	281	492	485	410	398
1
362	273	292	510	506	422	422
1
331	268	278	479	470	388	387
1
345	270	281	491	487	409	398
1
355	255	272	492	491	407	398
1
311	238	259	461	458	377	372
1
336	261	275	484	482	399	390
1
333	250	270	467	464	363	368
1
320	242	260	442	439	347	347
1
319	242	256	471	465	387	371
1
305	232	242	411	409	342	348
1
338	262	280	444	443	380	378
1
332	257	278	469	466	389	378
1
319	230	246	437	432	361	350
1
319	238	260	456	452	384	356
1
356	260	279	514	512	433	427
1
321	239	258	440	440	377	380
1
314	235	257	445	443	372	375
1
341	262	277	478	473	406	392
1
337	251	268	473	467	405	394
1
351	271	289	485	477	407	395
1
309	242	261	441	435	360	355
1
295	242	260	450	446	372	372
1
318	245	265	443	442	378	377
1
303	218	234	430	429	353	358
1
303	231	251	433	431	362	363
1
324	249	266	456	453	382	379
1
392	288	306	566	559	483	469
1
344	265	277	511	506	421	392
1
356	265	282	506	502	399	384
1
322	248	265	481	478	396	380
1
358	275	291	498	497	420	429
1
336	256	272	464	458	389	388
1
368	284	304	526	515	431	418
1
338	263	283	482	478	424	404
1
341	257	279	463	463	376	375
1
336	250	268	468	467	394	380
1
328	253	272	444	442	402	404
1
329	251	269	473	472	383	388
1
330	245	263	458	457	372	378
1
341	248	264	490	486	399	394
1
356	256	272	499	494	417	397
1
343	256	267	493	491	404	392
1
355	276	295	496	495	421	413
1
351	265	280	511	507	439	411
1
307	225	244	450	448	346	344
1
326	242	262	442	438	374	367
1
329	231	250	459	457	388	369
1
347	254	269	473	469	410	385
1
361	278	294	518	511	428	420
1
346	251	274	465	464	415	394
1
342	264	279	476	471	394	385
1
300	237	257	437	432	362	361
1
321	238	258	432	430	345	345
1
332	248	263	454	451	385	366
1
330	268	286	477	473	391	394
1
326	259	274	459	457	388	375
1
355	255	272	476	471	410	391
1
357	271	287	494	491	425	414
1
352	260	279	518	514	425	411
1
339	255	278	456	453	401	389
1
343	250	274	465	464	403	391
1
324	252	277	433	433	375	362
1
349	254	264	514	508	436	411
1
316	245	267	479	475	410	393
1
337	261	277	493	491	412	405
1
366	271	292	502	500	420	412
1
300	234	256	431	426	351	341
1
352	261	281	515	510	412	413
1
345	263	282	481	480	400	393
1
356	276	291	486	480	406	395
1
326	250	278	471	471	389	375
1
348	273	289	504	503	440	437
1
325	256	271	485	481	411	389
1
357	265	284	500	498	433	418
1
360	272	300	507	505	440	420
1
356	271	295	478	474	402	399
1
306	247	261	445	440	365	365
1
349	265	286	500	494	416	397
1
344	273	290	464	463	389	387
1
295	217	239	418	417	312	320
1
352	276	296	472	469	431	420
1
307	231	254	420	419	352	347
1
310	254	275	439	435	391	367
1
331	262	283	479	475	395	390
1
323	244	264	464	458	369	369
1
329	256	279	466	463	396	388
1
332	249	277	453	451	400	388
1
352	260	280	486	480	386	384
1
331	248	263	451	446	373	366
1
323	258	274	461	454	388	379
1
313	241	258	442	439	374	362
1
322	246	266	431	431	358	357
1
325	249	265	468	466	389	370
1
359	272	290	501	499	423	422
1
340	262	282	480	479	427	408
1
381	296	308	502	500	454	439
1
369	281	295	528	519	432	427
1
310	224	239	455	450	355	356
1
377	284	303	503	498	410	412
1
310	236	257	435	429	370	361
1
323	239	263	481	477	398	382
1
387	270	284	519	516	437	421
1
339	241	262	463	459	378	376
1
335	253	276	462	457	389	371
1
339	244	265	471	461	383	379
1
313	245	263	441	439	372	360
1
329	231	255	477	474	372	361
1
356	296	308	520	514	433	435
1
331	259	279	493	491	414	396
1
346	253	270	484	480	396	370
1
315	255	278	464	463	390	379
1
322	251	270	482	478	389	385
1
333	259	282	471	468	411	401
1
329	249	274	477	472	391	374
1
340	256	273	496	494	415	393
1
342	242	257	443	440	388	383
1
351	253	264	484	483	389	377
1
365	278	292	502	496	426	411
1
335	252	276	474	472	395	376
1
318	246	266	453	451	369	359
1
324	267	288	475	471	397	397
1
328	248	271	459	455	407	386
1
353	270	285	484	480	418	382
1
338	260	284	465	461	403	381
1
324	227	250	439	436	369	351
1
374	285	303	527	524	433	426
1
331	256	274	475	472	397	397
1
320	235	253	469	466	390	375
1
323	238	255	469	466	389	367
1
316	232	250	436	433	377	364
1
335	254	269	480	477	405	394
1
310	231	254	427	426	353	352
1
340	253	272	485	484	413	395
1
324	241	263	439	434	384	369
1
320	236	249	430	427	370	351
1
322	252	269	450	447	400	379
1
367	262	281	506	502	415	403
1
345	271	292	499	496	424	414
1
344	233	254	470	466	370	365
1
325	251	263	463	460	396	376
1
358	281	305	507	504	435	425
1
329	241	265	470	467	402	391
1
350	253	266	462	458	374	379
1
314	236	251	444	441	360	356
1
322	242	264	465	464	379	371
1
341	282	304	457	455	399	397
1
348	263	287	520	517	421	417
1
324	252	268	449	448	367	367
1
321	236	258	448	445	364	357
1
325	272	292	460	457	389	388
1
346	262	284	490	489	426	414
1
329	259	277	462	460	378	376
1
313	232	256	451	446	366	365
1
335	245	265	458	458	387	373
1
361	271	300	508	500	437	423
1
367	277	297	496	492	411	397
1
337	258	277	462	459	395	392
1
352	263	280	480	476	400	400
1
327	258	276	453	450	383	375
1
323	243	258	446	444	357	356
1
324	252	270	460	456	365	368
1
354	274	298	487	484	416	407
1
354	272	295	497	496	427	412
1
331	253	276	478	473	397	385
1
321	252	273	454	452	362	362
1
347	271	291	486	479	425	400
1
340	254	272	460	459	378	385
1
334	259	284	453	450	386	364
1
329	251	265	465	463	392	383
1
325	246	265	455	453	390	378
1
340	261	283	487	483	388	383
1
327	254	274	462	458	399	386
1
348	267	288	480	474	420	403
1
350	262	281	500	497	430	414
1
334	247	268	439	438	388	370
1
317	254	274	478	476	391	362
1
361	256	281	513	509	406	382
1
330	243	261	480	477	393	379
1
340	262	276	498	493	403	393
1
330	260	278	469	467	373	381
1
307	236	248	428	426	343	347
1
324	247	269	448	443	375	363
1
368	289	305	540	537	438	435
1
329	240	255	471	466	378	367
1
326	247	264	444	442	374	368
1
350	260	281	492	491	421	415
1
321	252	272	470	464	376	376
1
365	289	310	515	507	439	430
1
363	267	284	503	499	429	421
1
339	259	277	469	467	395	386
1
340	270	290	499	494	404	397
1
303	237	257	429	422	359	359
1
337	252	264	488	480	386	391
1
344	258	273	477	472	375	381
1
353	279	305	519	514	438	430
1
320	236	251	491	488	391	367
1
338	258	275	472	470	404	405
1
341	258	274	501	496	406	401
1
347	250	268	492	488	401	390
1
318	250	266	451	446	379	377
1
362	268	283	521	516	430	410
1
337	262	279	482	477	387	384
1
353	264	276	500	495	409	410
1
338	245	268	473	468	380	366
1
331	248	262	478	474	387	373
1
332	251	271	484	481	423	383
1
294	227	242	415	413	343	327
1
347	257	279	475	470	407	382
1
335	242	257	501	498	412	395
1
324	244	263	468	464	364	371
1
326	245	263	464	463	365	357
1
355	264	281	501	498	412	392
1
343	257	277	476	474	415	394
1
313	234	251	450	444	371	365
1
339	245	260	474	469	409	391
1
333	241	259	465	462	400	380
1
348	265	286	483	480	402	395
1
338	253	274	469	466	385	366
1
311	231	248	440	438	365	351
1
363	285	299	500	493	420	410
1
312	232	247	435	433	358	349
1
350	272	285	512	506	403	405
1
341	246	267	470	469	391	378
1
356	273	291	506	498	423	418
1
322	244	263	460	456	395	372
1
317	234	255	441	437	367	361
1
327	234	254	447	445	362	366
1
346	262	278	494	490	410	398
1
342	267	285	473	472	389	382
1
335	247	266	487	483	389	376
1
341	270	289	493	490	407	400
1
346	254	267	460	457	380	371
1
339	256	278	489	486	420	396
1
343	242	263	465	462	379	371
1
317	232	250	444	441	370	350
1
362	275	291	512	504	430	426
1
339	251	269	484	482	413	397
1
310	232	251	428	426	349	353
1
342	250	272	463	462	377	381
1
362	275	291	512	504	430	426
1
340	254	270	475	473	398	377
1
331	241	262	468	464	388	369
1
346	269	289	515	511	430	420
1
339	254	271	476	473	391	389
1
316	244	265	459	452	384	372
1
334	252	271	456	454	365	361
1
324	244	258	441	440	363	364
1
312	232	250	421	418	361	349
1
331	248	271	480	478	404	385
1
345	270	285	476	473	406	403
1
326	248	263	472	468	380	368
1
353	264	286	497	493	405	400
1
330	252	263	470	469	380	374
1
334	263	277	479	477	407	403
1
336	266	286	517	513	434	411
1
312	232	240	434	430	372	366
1
343	263	286	488	484	402	387
1
361	275	295	482	481	420	397
1
330	253	269	473	470	390	386
1
329	262	280	491	490	426	411
1
341	257	275	491	488	406	400
1
342	258	279	454	450	390	383
1
344	253	264	483	480	385	377
1
329	258	281	462	461	370	371
1
311	235	254	425	424	366	351
1
336	260	279	489	485	400	395
1
357	280	300	501	492	404	403
1
352	269	290	476	475	412	399
1
339	250	272	470	468	381	384
1
342	265	282	479	477	417	397
1
328	248	270	473	468	392	392
1
329	260	269	471	469	398	393
1
343	246	260	470	468	403	377
1
327	262	282	485	484	412	404
1
345	265	287	490	487	418	392
1
309	246	274	435	432	373	371
1
352	264	292	505	500	452	423
1
330	242	255	462	458	385	370
1
345	252	270	479	475	383	369
1
348	260	279	474	489	416	398
1
328	243	265	463	459	389	377
1
339	269	289	485	481	421	401
1
310	229	247	441	436	373	361
1
331	245	263	473	469	389	375
1
335	252	263	480	477	384	376
1
374	275	289	498	496	442	423
1
340	241	260	483	478	386	378
1
322	240	259	432	431	352	354
1
338	258	275	474	470	392	381
1
319	238	254	457	455	365	358
1
331	259	279	494	489	414	401
1
317	228	245	442	441	366	357
1
341	259	274	477	471	410	398
1
293	230	245	419	418	351	338
1
321	234	250	464	462	376	352
1
366	320	297	527	523	423	425
1
335	257	277	485	480	422	414
1
343	262	285	496	491	430	404
1
348	266	280	503	501	432	415
1
316	249	268	445	445	368	362
1
338	266	289	477	475	390	383
1
364	274	293	506	503	434	418
1
304	229	252	422	421	354	337
1
349	273	289	475	472	416	392
1
320	249	266	445	444	380	377
1
326	241	259	483	480	374	364
1
333	249	266	465	462	397	392
1
360	264	275	487	484	393	390
1
328	254	272	469	466	383	387
1
315	232	255	432	431	365	351
1
331	248	271	463	461	403	393
1
322	245	268	463	456	392	374
1
349	253	273	496	493	411	393
1
312	234	250	446	443	360	349
1
340	253	266	453	451	385	382
1
338	244	265	492	489	403	385
1
344	259	278	504	501	436	416
1
339	240	259	494	494	395	376
1
347	275	297	501	498	430	417
1
328	241	260	454	447	356	355
1
328	276	297	490	485	422	401
1
329	245	265	464	459	390	379
1
334	253	270	467	464	392	383
1
334	253	276	473	469	389	385
1
360	290	318	516	509	416	418
1
340	244	266	465	463	381	378
1
362	266	285	514	506	428	412
1
350	248	258	486	481	395	392
1
346	252	266	484	477	381	382
1
357	256	273	472	467	377	384
1
348	257	273	451	449	389	374
1
347	259	278	488	487	405	391
1
321	233	243	442	438	355	343
1
330	270	288	452	449	369	376
1
362	263	281	501	501	405	395
1
345	249	271	474	471	390	392
1
318	242	264	463	461	376	361
1
315	237	255	448	446	369	356
1
339	260	278	492	487	404	397
1
356	270	289	492	490	431	410
1
357	264	282	489	482	417	405
1
317	242	258	444	441	376	359
1
322	250	268	440	435	386	369
1
331	246	259	434	431	367	361
1
338	251	275	451	445	390	368
1
332	236	261	469	465	415	402
1
335	257	274	473	472	402	397
1
330	248	268	456	450	397	382
1
326	243	261	449	447	368	366
1
314	243	257	447	445	380	375
1
338	263	284	482	475	380	383
1
330	245	263	464	463	388	377
1
281	216	232	400	397	323	325
1
332	248	268	470	471	376	380
1
352	254	272	488	485	420	404
1
339	270	290	484	478	391	391
1
325	238	257	443	440	368	352
1
329	254	264	478	477	398	390
1
342	253	270	475	472	392	385
1
345	259	272	492	491	407	405
1
323	236	257	447	443	368	351
1
305	233	250	449	447	395	371
1
327	252	269	469	465	394	388
1
320	243	264	470	468	396	373
1
339	251	264	466	465	376	373
1
362	273	292	508	506	427	406
1
317	240	268	457	455	372	366
1
323	249	267	467	463	389	386
1
325	254	272	475	472	403	381
1
327	248	269	465	457	366	377
1
350	273	288	486	483	411	389
1
330	255	274	471	468	378	369
1
326	254	280	459	458	394	386
1
316	241	258	462	458	387	367
1
331	236	253	443	444	359	352
1
329	250	274	471	468	396	378
1
346	259	281	485	482	391	397
1
323	248	262	441	436	386	382
1
361	273	288	496	494	434	414
1
326	253	266	453	449	365	367
1
314	239	261	447	445	386	371
1
331	249	270	476	472	398	390
1
303	235	256	423	419	344	335
1
358	256	275	477	472	403	383
1
335	254	267	468	463	383	381
1
334	251	272	484	481	401	387
1
320	250	265	441	438	383	376
1
363	284	298	500	498	428	418
1
334	260	276	469	467	378	383
1
337	243	261	455	454	374	368
1
328	254	271	457	452	372	369
1
357	263	281	502	500	420	400
1
325	242	258	458	456	377	361
1
314	234	252	434	433	366	366
1
315	266	279	471	469	403	386
1
323	233	252	480	476	387	370
1
354	278	296	510	499	422	409
1
305	217	233	411	409	347	333
1
360	276	298	477	476	426	415
1
341	280	297	491	489	410	405
1
341	276	291	522	521	429	413
1
336	252	272	469	466	391	366
1
309	223	241	441	437	362	349
1
321	242	252	472	466	370	364
1
313	229	252	454	452	370	357
1
318	248	268	458	457	386	375
1
361	281	297	531	528	442	431
1
302	223	247	421	417	351	350
1
358	265	278	504	502	413	395
1
313	252	271	461	459	382	385
1
344	262	274	470	466	392	376
1
341	266	282	482	477	397	396
1
341	277	297	453	450	434	416
1
327	260	278	485	483	408	395
1
320	231	253	415	413	331	338
1
341	251	272	474	471	385	375
1
359	265	279	510	506	453	427
1
331	254	271	450	448	388	378
1
359	267	287	508	499	407	409
1
344	260	278	488	485	407	397
1
340	247	268	475	472	395	383
1
326	247	266	459	455	388	372
1
349	256	276	499	497	408	391
1
324	254	265	454	451	376	359
1
293	222	239	414	410	344	337
1
340	258	272	487	484	400	389
1
326	260	285	470	465	407	405
1
323	256	266	488	485	403	383
1
352	268	288	525	522	432	418
1
296	235	251	416	414	352	347
1
310	238	260	427	422	353	356
1
404	314	334	550	546	457	456
1
331	243	266	459	456	374	373
1
340	252	271	473	472	382	379
1
339	260	271	494	491	424	400
1
342	244	263	489	484	385	375
1
341	245	265	471	467	385	373
1
336	260	275	473	472	388	388
1
332	251	274	463	460	384	366
1
334	263	276	476	470	389	387
1
329	239	259	466	461	385	377
1
333	267	282	473	467	402	403
1
323	263	283	482	480	406	387
1
313	248	265	473	469	393	378
1
320	246	264	447	443	376	368
1
362	284	303	527	522	450	434
1
318	243	262	467	463	371	366
1
349	265	282	474	472	399	375
1
327	255	274	459	455	378	384
1
352	258	275	507	504	404	391
1
326	243	263	463	462	376	360
1
342	254	269	474	469	406	390
1
302	226	243	416	415	346	344
1
331	246	267	472	469	390	379
1
329	236	263	468	463	388	373
1
346	259	276	491	489	394	387
1
350	255	276	484	482	412	406
1
373	286	303	501	496	413	408
1
338	276	288	489	485	433	412
1
320	247	260	443	440	363	364
1
331	246	270	465	464	383	370
1
335	257	271	481	480	414	397
1
347	269	288	476	470	396	393
1
327	244	265	451	448	360	360
1
373	259	276	505	499	423	406
1
342	251	262	463	459	371	372
1
365	290	306	500	497	439	426
1
329	251	263	457	452	382	376
1
319	245	259	454	452	379	379
1
311	232	247	445	441	353	350
1
367	283	305	510	508	437	415
1
339	260	278	495	487	420	397
1
339	266	289	495	490	415	402
1
340	250	266	467	466	364	372
1
308	244	266	446	442	371	361
1
346	282	295	503	500	417	419
1
353	266	284	486	482	410	398
1
357	254	274	497	495	411	394
1
359	267	283	505	495	429	412
1
316	245	264	438	434	372	360
1
320	240	260	449	447	357	348
1
337	258	283	505	499	442	425
1
339	259	282	493	486	392	396
1
331	262	276	468	464	370	370
1
357	269	286	514	512	394	398
1
321	253	270	475	474	404	394
1
346	272	288	486	485	402	404
1
372	277	300	514	510	448	432
1
344	249	266	470	468	388	368
1
318	240	263	460	456	384	363
1
331	241	257	451	448	380	373
1
320	243	262	455	451	395	381
1
350	265	260	500	495	425	407
1
305	238	257	430	427	368	361
1
296	239	257	452	450	375	366
1
341	257	271	469	467	388	368
1
325	249	267	452	451	382	367
1
346	260	280	475	469	379	392
1
376	279	303	522	518	425	410
1
295	230	248	407	404	328	331
1
315	244	263	443	441	366	357
1
330	257	275	478	476	397	394
1
343	247	262	513	508	425	415
1
334	245	263	459	458	372	369
1
348	265	281	470	467	394	394
1
332	254	268	481	475	392	386
1
330	245	263	460	458	382	359
1
356	263	282	502	499	390	394
1
335	246	266	456	455	386	385
1
342	252	268	480	475	374	377
1
365	292	316	545	537	444	439
1
343	259	277	486	484	412	403
1
337	242	267	458	455	383	373
1
325	247	271	437	435	382	362
1
360	286	304	513	508	439	423
1
361	270	285	509	506	405	407
1
352	254	269	487	485	410	397
1
321	241	261	461	455	390	371
1
276	199	217	403	400	321	310
1
332	249	265	461	457	382	364
1
327	253	270	501	496	404	394
1
352	278	297	515	506	417	405
1
327	246	264	457	454	382	357
1
339	265	281	493	490	396	393
1
350	272	294	494	492	425	414
1
349	260	285	480	477	404	399
1
344	255	276	487	484	404	385
1
341	261	282	484	480	405	392
1
317	239	259	475	473	376	357
1
344	248	262	469	466	402	384
1
324	251	271	448	446	362	363
1
324	236	250	447	446	347	346
1
323	250	268	451	449	348	363
1
342	250	269	463	457	376	379
1
345	268	288	497	492	407	396
1
338	240	268	474	471	392	385
1
336	261	282	487	484	415	410
1
324	257	277	460	455	389	383
1
370	292	310	533	526	437	431
1
330	265	281	489	482	392	384
1
340	248	265	473	470	413	386
1
341	254	274	474	469	390	393
1
324	246	261	463	460	389	372
1
335	261	279	488	485	395	392
1
345	266	281	475	470	387	384
1
361	273	293	511	506	425	407
1
336	258	277	474	471	402	398
1
329	269	284	470	469	382	381
1
324	251	270	449	445	391	390
1
324	240	262	456	454	388	382
1
347	251	269	491	486	387	379
1
364	275	293	485	482	446	409
1
340	252	270	467	462	392	387
1
340	263	276	485	480	402	387
1
354	261	286	485	482	421	412
1
322	248	273	446	443	384	377
1
307	223	240	429	428	330	338
1
330	253	271	454	448	378	377
1
338	246	270	497	493	420	403
1
314	237	259	434	430	368	355
1
344	264	284	481	476	395	393
1
288	223	243	409	407	344	319
1
323	245	259	463	459	389	371
1
343	268	283	475	473	403	398
1
361	264	283	514	514	423	407
1
320	225	245	444	441	374	356
1
330	264	281	454	451	380	382
1
314	238	257	451	449	366	344
1
338	271	290	481	478	411	393
1
342	255	274	482	478	378	387
1
334	252	268	455	453	381	385
1
339	255	271	468	463	393	387
1
320	236	253	447	446	372	362
1
337	258	276	480	477	397	378
1
357	254	268	489	486	413	400
1
304	233	246	431	427	355	341
1
362	280	297	512	512	425	423
1
317	263	287	462	460	394	388
1
358	264	278	495	491	401	390
1
347	265	278	485	482	391	388
1
336	257	274	470	462	384	384
1
368	266	288	503	501	425	405
1
325	252	270	467	462	389	365
1
336	257	275	470	464	370	372
1
352	278	297	487	485	422	421
1
339	254	271	477	472	390	379
1
342	253	271	473	470	369	378
1
333	255	275	466	465	386	386
1
362	266	285	500	496	425	414
1
325	238	257	461	459	381	370
1
338	246	266	498	493	409	393
1
316	236	253	465	461	389	380
1
322	239	254	458	454	350	349
1
287	221	244	417	415	344	344
1
310	216	235	388	386	328	330
1
336	268	279	466	463	413	404
1
329	248	265	451	447	380	363
1
343	242	267	476	475	408	391
1
370	282	305	552	551	448	444
1
362	266	280	494	489	411	399
1
379	272	286	515	514	445	426
1
303	250	265	424	423	362	368
1
320	245	262	436	435	372	364
1
310	249	266	445	441	361	357
1
334	252	264	463	460	385	385
1
317	230	251	448	443	379	363
1
348	266	285	476	474	419	408
1
327	240	261	460	455	378	378
1
337	248	269	484	483	398	376
1
349	256	278	491	488	403	399
1
341	260	275	468	465	387	387
1
308	248	268	455	451	381	356
1
346	281	297	497	494	412	409
1
311	243	262	438	437	379	364
1
318	243	264	456	454	381	367
1
336	275	300	483	476	431	408
1
342	270	282	484	481	412	412
1
357	281	302	488	484	425	414
1
355	254	274	503	501	439	422
1
335	245	268	475	469	398	388
1
335	265	280	460	459	394	370
1
349	253	274	501	494	410	398
1
335	257	278	482	475	400	395
1
321	246	270	455	450	384	365
1
331	257	275	486	483	396	394
1
343	273	295	485	478	454	431
1
300	232	245	425	421	340	330
1
328	243	259	465	460	395	371
1
339	263	284	448	445	393	387
1
344	244	266	491	486	374	383
1
322	243	257	442	440	390	374
1
359	264	286	516	514	445	435
1
363	274	299	516	513	417	416
1
320	242	260	438	435	378	360
1
346	266	286	507	502	426	408
1
299	228	245	412	408	349	344
1
364	291	312	518	513	463	439
1
367	273	292	493	487	419	418
1
351	273	296	501	498	423	404
1
308	244	264	440	435	354	350
1
324	242	258	462	461	397	375
1
326	245	256	456	454	384	369
1
346	267	284	497	494	429	404
1
335	248	267	484	483	413	394
1
317	236	258	443	441	372	360
1
325	245	263	449	446	391	376
1
361	268	284	508	502	429	412
1
311	242	258	437	433	371	361
1
296	238	252	429	425	345	337
1
331	247	262	472	471	373	374
1
314	243	265	450	448	335	337
1
331	243	262	480	476	403	385
1
363	273	296	506	502	438	417
1
330	246	265	480	478	409	395
1
317	246	266	429	426	363	356
1
351	266	289	495	490	395	403
1
326	236	254	473	471	368	369
1
361	276	298	499	498	397	400
1
330	264	280	467	464	396	379
1
338	260	282	496	494	422	410
1
309	247	265	445	440	379	369
1
372	270	283	505	500	440	404
1
345	260	279	483	483	391	396
1
309	239	258	439	435	367	354
1
334	259	270	467	465	390	387
1
336	258	277	469	467	387	386
1
335	256	272	469	465	393	377
1
309	230	254	429	426	365	353
1
325	261	277	461	458	364	375
1
318	245	264	466	465	374	373
1
339	244	271	460	457	379	388
1
344	267	285	476	471	406	400
1
325	252	275	461	459	375	375
1
329	257	278	462	459	405	385
1
335	246	267	472	464	400	385
1
342	258	271	500	495	406	395
1
363	275	298	503	500	448	411
1
339	234	249	484	480	391	372
1
314	241	260	426	424	341	350
1
334	244	262	465	460	387	373
1
339	258	276	482	480	409	382
1
320	229	251	433	432	362	346
1
325	250	267	449	448	380	360
1
357	258	275	482	480	424	402
1
310	240	261	445	440	380	363
1
328	237	255	442	437	381	366
1
341	261	279	476	470	394	366
1
367	292	304	464	460	382	387
1
364	265	285	483	481	396	394
1
316	254	268	447	443	347	342
1
345	269	287	485	483	402	406
1
348	237	256	487	486	385	393
1
366	275	299	506	502	448	436
1
326	250	271	475	472	388	390
1
332	267	285	475	471	410	402
1
303	225	241	412	410	301	313
1
330	242	263	429	425	374	355
1
347	252	271	468	463	402	380
1
324	249	265	448	445	370	370
1
350	255	273	501	496	411	389
1
335	265	282	468	461	383	385
1
333	266	282	483	479	390	386
1
339	256	271	475	472	390	381
1
354	263	283	491	486	418	404
1
297	224	242	418	415	343	337
1
355	258	278	479	472	375	379
1
329	252	274	458	455	372	366
1
333	255	271	472	466	378	382
1
321	241	262	447	443	373	360
1
374	280	296	520	519	428	414
1
319	240	258	467	464	376	363
1
330	257	278	466	463	404	391
1
348	279	296	490	487	404	407
1
335	255	281	480	476	395	385
1
340	246	273	451	449	371	369
1
346	270	289	490	487	431	420
1
365	271	286	534	532	443	426
1
332	242	263	469	465	403	382
1
304	227	242	434	433	374	353
1
339	256	280	477	475	399	397
1
332	255	273	462	459	406	403
1
327	240	254	464	461	355	355
1
341	266	285	488	484	423	411
1
337	249	274	471	465	392	384
1
328	259	279	456	450	386	381
1
339	278	297	486	479	402	395
1
329	253	271	477	475	402	383
1
366	267	276	510	505	422	403
1
324	255	275	475	472	394	385
1
313	235	257	450	446	352	347
1
355	275	292	504	499	434	419
1
351	263	282	494	489	400	385
1
316	253	268	442	441	364	361
1
319	245	263	456	453	394	381
1
314	240	257	438	436	371	355
1
338	250	265	481	479	391	373
1
335	247	266	453	453	374	368
1
335	261	281	465	463	397	388
1
370	264	280	485	481	421	396
1
338	244	261	463	462	355	367
1
336	247	265	484	480	388	369
1
360	261	284	494	493	419	401
1
336	250	267	460	458	388	380
1
302	229	247	424	421	322	331
1
380	288	306	539	530	465	454
1
352	270	289	492	491	413	413
1
348	275	292	531	529	436	431
1
332	252	270	459	457	381	370
1
340	257	278	477	475	401	385
1
334	249	267	459	455	373	367
1
308	234	256	423	421	356	353
1
327	248	270	471	468	393	381
1
364	278	294	513	512	440	428
1
365	270	286	482	477	444	423
1
362	289	306	521	512	437	441
1
329	254	276	465	460	386	387
1
334	240	258	465	462	404	392
1
322	254	280	451	450	380	382
1
351	264	281	476	473	379	377
1
339	260	282	482	478	417	407
1
324	235	250	446	442	357	366
1
331	245	265	463	461	392	378
1
341	250	266	496	490	425	418
1
328	260	278	474	470	415	387
1
312	223	237	434	433	325	327
1
329	236	255	450	448	382	362
1
321	236	254	459	456	370	357
1
324	251	270	460	457	384	374
1
332	251	270	465	464	365	373
1
363	255	271	502	496	412	402
1
345	257	279	494	487	401	385
1
329	243	260	441	438	364	357
1
322	238	261	465	463	399	374
1
316	255	283	430	430	362	365
1
368	280	296	527	519	437	420
1
324	248	265	466	465	380	368
1
346	266	287	491	488	395	404
1
358	276	297	497	492	405	394
1
327	249	269	469	462	378	372
1
330	248	266	489	486	401	392
1
329	253	271	458	455	380	370
1
339	255	267	458	456	395	383
1
351	255	271	494	489	425	410
1
324	255	282	454	453	362	370
1
348	277	296	490	489	410	418
1
361	266	288	495	492	419	408
1
352	268	286	484	482	412	394
1
341	240	261	477	475	385	373
1
334	258	276	475	471	392	396
1
317	244	260	461	456	393	389
1
324	238	258	456	453	393	371
1
346	274	296	490	482	384	387
1
315	247	269	449	446	381	362
1
328	246	269	471	467	399	379
1
325	239	261	448	447	393	387
1
318	244	261	447	442	369	365
1
351	256	279	498	497	419	405
1
358	256	269	475	474	387	388
1
320	234	256	450	446	364	343
1
352	267	284	500	497	414	411
1
341	249	276	471	467	397	395
1
339	246	266	471	470	400	384
1
326	248	262	461	457	389	384
1
327	246	265	479	476	411	389
1
358	261	276	500	498	426	415
1
344	265	292	499	491	395	388
1
340	257	280	484	480	415	392
1
360	270	288	495	493	394	402
1
344	269	288	497	494	425	423
1
377	280	295	520	517	452	422
1
339	257	271	480	478	398	379
1
324	265	285	461	458	372	380
1
346	254	274	480	476	388	371
1
328	260	281	475	471	379	392
1
376	296	316	537	536	458	450
1
319	234	252	438	438	349	352
1
328	235	253	443	441	366	351
1
342	252	267	496	494	416	396
1
305	226	245	443	441	360	345
1
330	253	270	496	493	413	395
1
305	234	254	426	421	362	345
1
352	253	273	486	477	396	393
1
355	274	291	510	502	430	415
1
346	260	281	477	473	389	390
1
348	260	272	461	459	378	383
1
330	245	258	444	443	343	352
1
357	258	281	508	507	416	414
1
342	261	279	475	471	397	385
1
318	242	254	428	426	365	355
1
362	269	286	517	514	425	420
1
315	236	257	450	447	373	362
1
353	256	281	513	510	402	394
1
342	256	271	475	471	408	387
1
333	251	266	456	452	386	385
1
339	262	279	489	487	396	394
1
323	238	260	469	468	387	374
1
329	262	284	466	463	383	383
1
326	265	285	492	491	418	412
1
368	269	285	523	520	439	428
1
306	222	238	449	446	378	365
1
333	257	276	476	472	406	400
1
350	242	257	476	474	383	362
1
338	247	265	474	471	378	383
1
361	267	287	494	487	396	405
1
351	263	287	490	487	406	395
1
346	259	280	470	467	386	379
1
343	256	276	491	485	407	386
1
346	270	289	490	485	404	396
1
325	238	262	451	447	369	366
1
315	247	259	453	451	378	376
1
335	238	254	473	469	385	370
1
340	259	280	486	479	389	389
1
289	211	228	393	390	316	322
1
337	246	260	461	459	387	364
1
368	308	328	542	537	467	465
1
317	238	254	434	432	349	352
1
332	241	255	492	488	405	389
1
313	253	274	455	452	405	391
1
311	234	254	437	432	376	361
1
324	243	259	453	452	370	368
1
327	263	276	476	475	385	389
1
332	248	263	467	462	379	368
1
337	243	261	487	485	405	383
1
341	262	279	463	460	394	382
1
325	256	276	448	446	386	376
1
323	232	250	436	432	351	350
1
316	237	257	459	455	363	360
1
310	248	265	424	423	359	354
1
322	260	273	467	465	380	387
1
336	247	268	460	457	388	372
1
363	267	287	515	509	441	429
1
340	250	268	486	484	393	373
1
327	249	267	444	438	380	360
1
322	237	257	434	433	353	345
1
328	259	273	447	445	372	370
1
330	259	271	459	459	380	377
1
327	244	257	456	454	374	371
1
336	223	245	469	468	387	366
1
357	251	269	502	500	419	411
1
334	262	277	461	459	418	397
1
325	262	282	465	460	373	376
1
349	259	279	509	505	422	401
1
360	276	292	501	498	426	422
1
342	256	270	469	467	387	372
1
353	264	291	490	488	411	387
1
318	236	256	434	429	372	358
1
325	248	269	439	436	357	362
1
333	255	273	484	480	413	383
1
325	248	266	462	459	373	373
1
354	261	279	485	483	382	392
1
353	272	286	501	499	407	405
1
343	250	271	495	492	390	382
1
329	245	272	436	435	380	370
1
321	231	248	434	431	344	343
1
327	248	261	450	447	370	364
1
350	270	289	507	503	414	396
1
345	260	280	484	479	386	380
1
345	275	293	476	474	412	398
1
309	243	266	462	459	377	376
1
348	267	283	500	495	403	392
1
366	269	290	489	488	404	410
1
333	259	279	467	463	393	391
1
327	259	283	443	441	396	384
1
336	255	274	481	477	386	391
1
338	243	262	500	496	398	383
1
354	282	304	515	510	450	446
1
349	274	293	499	496	418	393
1
334	257	274	466	461	384	382
1
333	256	271	474	471	386	376
1
332	245	261	470	466	386	368
1
332	246	265	463	458	386	384
1
361	263	279	485	482	408	392
1
330	250	267	471	466	392	384
1
336	247	263	475	473	373	368
1
331	240	256	456	453	342	355
1
319	243	258	462	456	379	373
1
336	252	266	472	469	402	392
1
331	251	267	459	458	366	364
1
320	269	292	452	448	381	370
1
339	251	273	485	483	398	388
1
327	243	262	478	474	394	381
1
348	261	278	495	492	415	401
1
373	270	287	521	517	438	417
1
320	233	255	449	446	370	355
1
291	228	246	418	415	347	343
1
336	244	268	455	450	377	372
1
324	238	259	462	457	384	373
1
341	244	263	464	459	399	388
1
336	256	276	479	474	390	392
1
327	241	262	479	475	392	372
1
344	261	279	471	469	392	368
1
311	244	264	456	451	374	363
1
310	237	253	445	442	366	354
1
360	262	276	481	478	409	388
1
317	231	244	439	437	369	356
1
358	269	289	479	475	402	393
1
295	219	239	425	425	324	323
1
338	245	266	470	463	402	375
1
329	258	274	467	465	394	384
1
361	293	310	515	509	433	427
1
343	249	264	464	461	386	374
1
327	245	266	481	480	393	376
1
358	260	280	513	510	415	390
1
341	255	276	470	464	387	390
1
358	261	276	487	485	398	393
1
352	256	275	478	475	380	395
1
327	244	262	450	449	391	374
1
335	247	259	461	460	395	377
1
335	253	269	472	457	378	384
1
367	259	277	510	506	425	407
1
328	243	257	449	449	360	366
1
346	256	275	488	484	417	401
1
347	259	280	493	488	432	414
1
321	237	259	441	440	355	364
1
344	244	260	465	461	378	382
1
313	221	244	439	435	365	348
1
342	260	285	486	482	416	397
1
325	248	264	454	453	376	367
1
344	257	275	491	487	410	392
1
378	294	308	504	500	435	434
1
324	247	265	449	447	381	367
1
356	245	259	501	499	412	398
1
347	259	276	485	481	379	376
1
329	249	269	477	472	407	394
1
340	263	280	514	511	428	407
1
323	235	250	460	456	364	363
1
326	250	277	495	491	401	388
1
319	250	265	473	470	389	384
1
333	249	270	463	460	376	361
1
345	255	270	495	492	396	397
1
321	229	248	441	440	356	341
1
323	245	257	447	446	363	363
1
344	254	281	492	487	419	405
1
360	272	295	503	501	440	422
1
359	260	275	498	491	373	380
1
350	258	273	502	497	418	396
1
341	254	273	473	469	397	391
1
330	253	274	460	459	408	393
1
358	273	291	539	538	430	419
1
344	264	282	488	485	409	392
1
336	259	278	468	467	394	389
1
355	265	284	484	475	417	401
1
341	253	269	465	461	410	394
1
363	295	309	530	528	446	429
1
323	240	258	434	434	366	362
1
334	260	280	482	479	405	380
1
340	277	301	507	505	431	413
1
344	242	258	472	468	363	377
1
318	229	250	427	425	369	354
1
365	260	271	508	507	411	407
1
327	241	256	463	460	403	378
1
345	263	281	484	478	395	398
1
343	255	266	498	495	424	394
1
329	253	268	482	474	384	376
1
321	241	262	451	446	363	372
1
346	261	279	506	504	426	408
1
331	244	260	472	469	368	371
1
336	253	277	444	444	378	385
1
334	247	264	475	470	398	381
1
330	256	278	483	480	397	374
1
299	229	251	433	431	363	357
1
328	251	270	440	439	352	339
1
327	262	280	480	477	397	385
1
339	248	267	469	463	399	383
1
337	277	296	470	468	422	411
1
341	271	292	472	471	435	424
1
330	256	278	471	469	389	393
1
318	248	268	431	429	371	358
1
339	262	284	483	480	407	391
1
351	270	284	493	488	413	410
1
355	256	269	488	483	400	395
1
341	261	288	504	501	411	404
1
303	225	241	422	422	344	335
1
364	263	278	511	508	428	417
1
324	242	263	448	447	389	374
1
348	270	293	512	510	426	407
1
367	285	298	519	512	458	439
1
342	233	254	459	456	386	371
1
325	246	268	475	473	389	384
1
343	291	307	524	519	458	434
1
321	255	274	452	451	381	371
1
328	246	265	447	446	385	382
1
340	267	286	454	451	369	377
1
366	299	316	513	507	432	427
1
334	262	284	483	481	380	376
1
320	240	257	450	449	365	360
1
314	236	255	434	434	348	343
1
349	273	288	485	481	425	407
1
327	240	260	457	454	396	372
1
357	271	290	519	517	433	424
1
337	249	268	483	480	405	382
1
305	226	246	402	401	327	339
1
340	253	268	473	467	381	379
1
347	250	263	481	480	416	391
1
313	242	263	461	457	375	370
1
340	258	278	482	479	405	397
1
362	257	280	505	499	424	406
1
370	278	292	520	516	429	420
1
339	236	257	463	458	385	363
1
333	268	294	509	505	447	423
1
317	231	247	445	442	350	353
1
351	264	277	504	501	427	396
1
323	247	267	452	448	381	371
1
339	252	273	500	494	426	417
1
334	250	271	483	476	406	386
1
322	231	254	446	441	373	357
1
310	234	249	446	443	346	355
1
342	243	257	490	487	400	388
1
314	254	270	476	475	382	377
1
311	229	250	435	433	348	341
1
329	247	267	452	451	395	379
1
322	261	283	434	429	349	360
1
340	265	288	481	476	410	399
1
330	265	277	464	463	390	381
1
362	266	283	509	502	429	416
1
313	233	253	411	405	361	345
1
339	249	265	470	463	389	380
1
323	249	268	455	451	381	387
1
335	253	277	474	473	394	386
1
334	241	259	467	463	381	362
1
335	252	269	466	461	403	388
1
332	263	279	479	476	400	378
1
320	255	276	472	468	389	385
1
320	252	275	448	444	389	370
1
352	262	280	501	493	408	396
1
344	258	278	478	473	412	392
1
338	265	282	485	482	410	391
1
320	244	261	457	453	370	359
1
319	237	252	472	468	374	371
1
340	245	271	484	481	372	378
1
338	240	261	468	463	383	367
1
334	255	274	484	479	376	384
1
318	245	261	443	439	369	369
1
341	259	271	481	476	398	380
1
332	251	265	480	477	372	367
1
331	239	256	456	452	372	362
1
348	259	275	493	489	414	404
1
336	252	270	489	487	398	380
1
339	255	279	463	460	405	387
1
341	260	280	476	472	404	389
1
314	254	274	444	441	355	355
1
351	279	301	465	463	406	406
1
325	251	271	447	446	386	376
1
332	245	263	462	460	401	376
1
321	250	266	438	435	370	369
1
350	254	271	487	485	389	391
1
366	289	308	530	526	462	431
1
303	241	255	461	448	368	366
1
355	269	289	476	474	423	407
1
340	250	281	459	458	394	379
1
337	267	287	456	455	385	382
1
353	262	284	507	506	441	424
1
324	229	246	439	435	339	344
1
312	230	247	440	440	347	347
1
353	262	285	484	481	411	393
1
332	260	280	475	471	396	388
1
326	257	279	480	475	417	404
1
335	254	269	455	451	393	373
1
347	267	288	485	481	407	398
1
307	242	261	417	413	355	341
1
334	252	285	486	482	420	401
1
337	252	270	481	478	399	382
1
363	272	287	493	488	412	413
1
351	271	294	519	514	436	417
1
330	247	268	463	461	396	367
1
320	220	240	446	437	375	363
1
328	268	282	457	455	394	389
1
329	250	266	482	480	402	374
1
347	261	280	484	481	412	416
1
335	241	261	454	451	369	373
1
314	247	265	465	464	376	376
1
347	278	302	501	498	431	420
1
360	273	294	505	503	407	407
1
342	269	290	490	490	415	414
1
325	233	250	447	444	362	346
1
330	263	281	471	467	395	390
1
353	260	280	484	479	412	400
1
330	258	285	479	476	376	375
1
330	244	264	453	449	377	358
1
342	241	260	470	466	377	360
1
358	267	282	520	516	404	399
1
322	254	268	456	452	381	363
1
330	242	265	481	479	363	371
1
329	235	253	452	451	360	362
1
323	228	245	441	439	342	343
1
347	263	275	493	490	402	392
1
359	268	280	513	507	414	410
1
362	275	293	505	499	424	405
1
340	256	275	484	480	400	388
1
337	248	266	444	438	363	364
1
332	275	290	474	471	387	376
1
315	236	242	451	449	348	354
1
327	250	266	446	446	376	360
1
329	256	278	486	484	390	375
1
337	243	262	456	451	380	362
1
328	246	264	452	450	389	384
1
316	233	251	463	457	366	360
1
340	245	270	455	454	376	379
1
336	247	276	477	475	390	383
1
321	249	266	437	435	373	370
1
328	253	272	455	452	386	384
1
337	243	264	499	496	404	387
1
303	226	248	421	420	337	340
1
314	231	246	450	448	362	355
1
357	265	286	496	495	417	397
1
313	248	270	457	452	375	363
1
336	248	266	483	478	393	385
1
317	237	251	441	440	362	363
1
348	254	270	493	490	418	394
1
341	252	267	518	515	423	420
1
335	253	272	448	447	393	382
1
314	253	275	440	438	371	369
1
350	259	277	494	490	404	388
1
339	254	271	486	482	392	367
1
326	245	266	462	459	379	366
1
342	257	275	480	476	383	391
1
340	269	289	477	475	392	398
1
321	251	272	452	447	397	390
1
338	266	290	464	462	403	401
1
344	250	266	488	486	368	362
1
341	253	269	457	453	390	374
1
348	263	281	501	498	417	404
1
329	251	270	470	464	401	381
1
331	255	275	481	476	401	379
1
308	236	250	446	444	376	367
1
346	256	273	482	478	411	393
1
326	262	277	459	454	376	373
1
335	261	276	451	447	399	376
1
343	261	281	489	486	398	395
1
335	245	257	482	479	393	377
1
355	265	281	500	496	406	392
1
332	262	282	506	502	415	408
1
309	228	248	436	436	339	342
1
342	260	279	468	463	382	388
1
309	243	266	434	428	371	363
1
341	249	273	457	452	395	373
1
347	253	273	487	484	426	398
1
334	247	263	464	461	361	366
1
362	284	303	509	502	426	411
1
325	237	254	445	444	384	365
1
310	233	252	440	436	366	351
1
376	293	309	537	532	450	449
1
355	269	286	507	502	434	408
1
353	259	281	505	502	428	403
1
317	235	257	451	455	378	361
1
321	256	274	454	447	388	383
1
327	234	251	458	456	384	369
1
349	265	282	493	485	430	420
1
340	255	272	474	469	403	387
1
339	244	262	466	462	382	379
1
328	243	261	449	445	382	363
1
347	271	289	479	473	398	399
1
340	259	275	460	456	368	372
1
317	254	272	448	447	378	372
1
315	242	260	449	445	381	355
1
315	244	260	444	440	360	361
1
333	251	273	469	468	391	381
1
347	256	272	492	487	403	399
1
338	269	288	500	495	409	406
1
361	252	277	505	494	430	417
1
318	249	274	461	456	392	378
1
324	249	255	476	473	392	373
1
318	242	258	455	454	375	363
1
332	255	267	462	461	385	372
1
344	257	274	481	480	402	402
1
338	249	269	464	461	389	378
1
333	261	276	475	474	391	397
1
330	241	258	468	466	374	359
1
332	245	262	455	453	363	374
1
345	255	274	476	472	403	376
1
379	288	311	538	530	438	441
1
344	255	276	463	462	397	390
1
358	260	269	497	493	412	395
1
317	240	261	461	459	378	364
1
384	296	317	546	541	449	444
1
320	245	260	452	449	358	357
1
314	240	256	457	451	353	354
1
342	272	292	485	479	420	414
1
342	272	290	512	503	424	413
1
334	257	273	479	477	401	383
1
356	270	288	528	525	454	436
1
336	257	277	465	461	401	390
1
353	241	259	496	494	367	371
1
325	249	269	455	451	378	374
1
350	255	283	489	486	424	409
1
348	288	306	493	486	411	425
1
349	251	264	487	486	414	404
1
343	255	276	476	473	388	379
1
339	255	273	476	472	388	377
1
344	274	294	499	497	414	394
1
343	259	274	469	468	406	391
1
345	263	277	470	469	390	389
1
356	269	288	509	507	421	408
1
298	225	245	404	403	361	340
1
300	226	248	443	437	348	331
1
296	221	239	430	429	337	350
1
346	263	282	504	494	406	407
1
325	244	264	450	449	392	372
1
333	246	259	465	461	358	369
1
328	248	271	436	429	366	363
1
313	240	259	441	438	365	359
1
360	269	283	510	506	422	416
1
358	266	288	508	504	417	408
1
302	227	243	434	432	359	343
1
358	270	288	478	475	426	411
1
342	260	278	479	473	399	396
1
341	263	283	487	487	397	397
1
333	254	274	474	470	409	394
1
341	264	284	486	482	412	394
1
343	259	278	506	499	400	403
1
339	263	279	471	468	388	388
1
322	244	259	467	464	386	381
1
366	280	295	522	514	426	418
1
338	256	273	490	488	411	394
1
309	231	248	416	412	335	336
1
322	245	268	448	445	377	359
1
304	227	241	416	415	341	338
1
346	268	285	488	483	421	412
1
357	260	278	501	497	398	382
1
330	243	261	449	447	367	376
1
361	276	295	528	525	436	426
1
337	248	266	471	471	370	383
1
351	255	277	494	490	418	411
1
330	259	276	465	460	388	381
1
340	259	280	476	473	417	402
1
343	255	275	487	484	416	400
1
362	273	295	518	514	431	425
1
312	230	248	432	429	347	344
1
313	227	244	440	439	346	340
1
346	251	268	492	490	415	399
1
349	274	296	475	469	397	393
1
376	284	303	497	496	434	421
1
312	242	258	449	444	378	385
1
340	258	277	484	479	409	400
1
306	229	244	450	447	351	352
1
363	263	287	486	484	424	410
1
310	233	251	432	430	360	342
1
340	250	272	485	483	417	400
1
348	257	277	517	513	420	406
1
332	250	269	454	451	387	373
1
334	253	276	486	480	409	400
1
332	252	273	473	471	376	365
1
354	263	287	478	476	419	406
1
323	250	271	477	473	416	400
1
326	241	264	462	458	381	363
1
335	248	265	466	462	375	361
1
344	256	272	479	471	403	387
1
361	263	280	490	488	435	413
1
356	268	291	514	506	439	411
1
335	249	267	489	485	399	389
1
328	247	267	449	447	379	362
1
339	255	273	472	470	400	383
1
339	253	269	460	456	382	369
1
358	270	287	494	490	410	406
1
326	239	258	451	447	370	364
1
330	247	263	483	480	374	378
1
321	239	261	449	443	355	352
1
323	248	270	475	470	398	384
1
344	267	281	484	484	399	407
1
364	269	288	518	516	415	402
1
334	247	268	477	475	373	369
1
311	239	258	470	467	391	371
1
343	273	293	489	487	405	401
1
333	256	277	475	470	391	384
1
319	262	282	455	450	378	376
1
342	252	275	470	468	387	389
1
355	273	297	497	495	424	414
1
317	236	254	443	439	373	363
1
316	234	254	445	441	368	352
1
319	240	258	442	442	367	353
1
367	263	285	510	505	441	418
1
331	251	268	482	477	386	382
1
343	259	279	462	461	378	377
1
329	252	267	467	465	367	356
1
360	277	291	508	507	419	411
1
331	243	255	448	446	385	369
1
329	250	269	452	451	400	393
1
328	241	259	452	450	347	351
1
343	260	281	481	478	389	385
1
348	260	277	485	483	419	392
1
340	246	258	467	458	394	374
1
364	289	310	513	510	452	438
1
321	247	264	454	452	364	363
1
347	276	291	508	504	424	415
1
315	247	262	442	438	380	370
1
330	256	276	467	461	385	372
1
325	242	256	464	462	374	373
1
339	240	257	490	488	386	387
1
327	254	269	431	430	367	363
1
322	239	256	456	453	356	361
1
343	255	281	498	494	418	402
1
335	268	289	470	466	401	393
1
322	254	275	467	462	381	381
1
352	283	302	498	494	401	406
1
356	268	284	484	479	398	396
1
324	257	281	469	465	398	379
1
325	252	274	466	462	400	385
1
317	241	260	453	449	389	369
1
315	223	236	425	423	353	342
1
316	236	252	442	440	373	355
1
335	267	288	491	486	424	420
1
322	260	280	461	460	384	384
1
354	272	289	510	507	452	430
1
315	251	273	453	449	382	374
1
343	257	279	485	477	409	389
1
361	270	282	500	498	416	396
1
334	246	266	463	461	366	369
1
310	246	268	447	443	373	369
1
327	257	274	464	461	404	391
1
333	256	282	463	459	372	378
1
328	257	274	439	436	370	370
1
337	246	266	437	436	352	358
1
313	238	259	447	444	366	356
1
332	252	268	473	470	380	379
1
379	280	298	523	521	435	437
1
329	237	253	467	464	361	363
1
323	239	249	456	453	374	357
1
337	261	283	471	467	401	400
1
340	258	279	474	472	376	382
1
325	244	264	460	455	372	362
1
330	243	261	442	439	346	348
1
322	240	252	447	446	378	362
1
327	247	263	456	451	365	353
1
361	286	304	509	508	410	420
1
323	235	251	439	436	359	347
1
352	266	284	505	497	434	410
1
322	238	259	443	440	377	361
1
311	223	244	433	433	342	341
1
342	265	288	522	520	442	423
1
329	243	261	487	484	402	382
1
381	279	294	526	524	430	418
1
323	241	259	454	451	361	344
1
347	262	281	484	480	396	395
1
339	258	269	487	484	387	380
1
332	251	265	449	447	374	365
1
324	246	269	471	470	382	381
1
367	266	284	508	501	427	403
1
321	255	277	451	451	383	385
1
358	268	280	490	485	404	391
1
358	282	302	502	499	442	428
1
348	265	285	502	498	407	403
1
332	250	270	442	438	376	382
1
337	267	288	509	507	425	411
1
340	258	276	486	485	377	387
1
362	272	295	518	516	446	423
1
339	264	284	478	475	424	406
1
346	256	271	477	474	388	391
1
341	256	271	450	446	379	374
1
332	247	263	453	450	358	363
1
349	263	283	485	485	403	398
1
345	271	286	498	496	420	397
1
338	244	261	483	480	411	391
1
296	221	238	430	429	357	347
1
319	241	256	467	461	375	375
1
361	271	294	492	490	407	403
1
316	234	255	444	442	377	356
1
327	261	281	487	486	395	397
1
346	269	297	482	480	411	411
1
372	275	294	490	487	450	424
1
340	254	267	493	489	393	396
1
347	261	276	492	492	391	400
1
337	251	273	472	471	375	378
1
360	262	272	486	480	410	390
1
319	246	261	456	455	393	368
1
336	272	288	473	470	423	400
1
345	266	283	507	503	404	400
1
358	264	280	488	485	429	411
1
330	246	262	463	458	384	370
1
356	264	286	507	506	431	416
1
339	253	275	465	460	402	388
1
340	260	278	494	492	415	406
1
343	252	271	475	470	383	380
1
325	234	258	458	452	371	368
1
314	223	235	430	428	341	335
1
355	262	282	485	481	393	394
1
316	231	253	434	432	363	344
1
327	239	257	450	448	385	368
1
347	257	275	491	489	424	406
1
320	244	262	467	464	384	380
1
349	260	281	486	478	409	397
1
337	255	278	472	469	410	391
1
322	239	251	439	437	344	330
1
327	242	255	465	459	388	370
1
306	243	257	443	438	381	366
1
337	247	268	467	464	401	398
1
307	235	252	424	424	363	361
1
343	254	273	498	493	413	395
1
366	267	280	507	506	418	398
1
316	251	267	448	445	375	359
1
331	256	279	467	462	383	375
1
331	261	279	483	481	400	394
1
313	243	262	440	436	359	354
1
322	260	279	453	451	394	387
1
354	272	290	511	507	434	416
1
320	243	260	450	445	381	371
1
301	237	261	414	408	337	334
1
355	261	282	500	496	415	415
1
342	248	265	465	461	378	364
1
343	241	272	489	484	389	382
1
334	250	269	494	488	424	401
1
319	241	265	470	464	385	377
1
367	272	288	506	502	403	411
1
320	233	252	444	442	371	360
1
331	257	276	487	485	386	379
1
343	250	264	464	462	391	378
1
302	226	248	423	420	336	342
1
364	259	275	501	497	406	386
1
318	239	256	450	447	363	360
1
330	257	271	469	468	389	384
1
352	252	265	495	489	404	382
1
312	244	259	446	443	382	370
1
352	264	280	499	495	425	407
1
330	241	258	470	465	388	373
1
363	266	286	482	478	403	402
1
347	267	288	499	496	406	402
1
338	252	270	482	477	386	389
1
335	243	261	451	445	384	383
1
347	273	288	481	478	420	398
1
337	239	255	445	441	381	367
1
307	235	244	418	414	364	362
1
346	279	296	521	516	456	440
1
297	240	258	426	423	339	350
1
294	230	251	430	429	356	356
1
333	253	268	469	466	384	381
1
329	235	260	459	458	370	359
1
363	269	285	502	498	433	416
1
342	244	264	470	470	400	380
1
333	242	261	454	449	376	359
1
348	258	278	469	466	404	389
1
328	239	262	455	454	372	358
1
335	258	276	472	467	403	388
1
292	212	225	394	390	299	306
1
341	279	300	483	478	435	411
1
340	258	273	480	478	404	385
1
351	258	277	472	467	379	379
1
305	228	245	457	455	369	350
1
296	237	261	416	413	363	349
1
351	264	281	506	502	415	411
1
339	254	271	468	466	399	395
1
337	256	276	479	476	387	390
1
312	234	255	440	438	371	357
1
330	237	253	459	458	366	363
1
325	254	275	461	459	364	377
1
332	252	276	484	481	401	384
1
340	254	282	490	488	413	402
1
322	232	260	446	442	326	337
1
330	244	263	461	458	395	375
1
340	254	281	458	457	376	380
1
342	258	278	473	470	388	376
1
337	255	275	475	468	391	389
1
328	238	263	480	477	388	380
1
325	230	250	489	486	396	377
1
329	248	264	464	461	387	378
1
362	270	288	505	502	422	410
1
367	283	303	513	513	423	423
1
368	276	296	531	527	420	420
1
318	249	266	447	443	368	361
1
336	258	275	495	492	422	402
1
344	243	267	486	483	367	372
1
326	233	249	459	455	388	375
1
374	270	285	493	491	432	419
1
331	248	267	452	446	364	374
1
336	256	274	464	459	388	377
1
326	258	275	474	473	383	382
1
325	245	266	455	451	384	379
1
339	261	285	497	495	391	385
1
324	243	264	441	436	363	361
1
329	247	264	483	480	387	367
1
355	274	290	476	474	412	397
1
312	248	265	460	457	381	374
1
331	259	277	473	469	390	385
1
354	281	300	480	477	400	400
1
359	278	290	484	482	403	400
1
358	269	288	497	492	415	404
1
362	268	288	491	488	393	402
1
367	279	301	511	506	416	417
1
340	253	269	478	475	403	383
1
318	231	251	441	436	361	348
1
343	256	278	489	488	399	382
1
343	273	297	483	482	424	407
1
362	274	290	513	509	416	392
1
341	253	272	469	465	401	383
1
335	267	285	482	479	408	395
1
323	236	252	462	459	377	366
1
328	251	266	462	459	388	380
1
337	251	267	482	480	410	388
1
351	281	303	479	479	418	422
1
370	273	296	534	531	445	429
1
340	256	273	478	476	391	377
1
308	246	266	449	445	390	359
1
371	286	307	526	521	446	446
1
331	258	274	496	493	416	398
1
343	262	273	489	484	413	394
1
329	261	277	465	462	374	378
1
349	264	279	503	500	420	401
1
341	247	268	451	446	375	362
1
327	232	249	429	428	359	346
1
353	260	283	474	473	385	394
1
340	257	278	471	470	399	389
1
300	243	261	475	472	397	378
1
386	308	334	549	544	431	429
1
331	235	255	456	453	371	367
1
322	262	280	458	454	383	372
1
327	243	259	456	453	368	368
1
335	250	277	473	468	404	380
1
307	227	245	438	435	360	340
1
312	229	247	443	440	366	348
1
317	230	244	424	419	327	326
1
338	258	284	468	467	389	388
1
325	264	278	465	461	389	392
1
325	235	253	460	458	393	387
1
344	251	270	488	484	411	391
1
296	215	231	398	398	326	331
1
340	267	283	473	472	378	390
1
329	244	264	486	482	408	404
1
338	249	267	465	462	390	377
1
342	266	291	489	485	413	409
1
343	264	282	476	471	407	403
1
340	255	273	473	470	381	385
1
348	237	253	468	463	385	372
1
335	258	258	455	453	381	369
1
352	279	299	516	512	404	410
1
329	252	272	444	440	388	377
1
336	250	275	470	465	400	383
1
334	253	273	462	460	394	391
1
334	237	259	436	433	346	348
1
356	257	274	486	484	415	398
1
339	251	273	485	483	398	388
1
353	280	304	501	499	434	434
1
329	253	274	468	464	383	382
1
350	266	289	511	506	407	399
1
340	260	274	474	471	400	398
1
343	255	270	484	480	396	384
1
319	242	257	428	425	355	350
1
337	235	257	489	486	387	371
1
341	253	265	477	472	380	375
1
360	277	297	494	492	430	415
1
337	264	287	478	475	400	399
1
354	267	291	513	506	412	402
1
315	235	256	436	432	357	352
1
342	242	261	447	444	358	367
1
345	260	280	489	484	415	403
1
323	237	256	451	448	371	356
1
326	242	259	467	464	387	383
1
346	248	275	496	492	416	386
1
333	252	269	477	475	393	390
1
364	276	298	508	504	433	425
1
336	248	264	468	463	382	379
1
344	256	277	479	478	392	388
1
323	262	278	482	481	373	368
1
313	227	253	416	413	355	342
1
331	243	260	444	439	348	358
1
325	250	281	467	464	381	380
1
345	255	276	508	505	410	411
1
352	266	282	518	514	435	434
1
299	249	274	437	434	370	360
1
334	250	274	482	480	415	398
1
342	258	279	505	501	409	391
1
337	267	291	491	485	404	400
1
354	258	274	523	516	413	401
1
330	234	253	456	454	381	362
1
316	234	252	450	447	384	372
1
393	295	315	530	528	456	443
1
337	262	281	470	467	409	396
1
338	250	269	474	466	394	379
1
345	264	287	481	480	384	385
1
330	262	277	484	480	424	403
1
325	248	266	439	437	372	373
1
347	259	276	478	476	399	394
1
303	231	251	422	418	350	333
1
355	274	291	488	484	409	407
1
305	227	243	427	423	340	341
1
324	233	251	461	460	380	361
1
327	232	254	451	450	352	364
1
335	267	283	473	467	390	387
1
315	231	254	443	442	351	344
1
361	256	271	479	478	408	393
1
369	285	306	509	507	451	434
1
364	269	290	527	526	427	420
1
344	258	274	493	489	407	391
1
350	263	283	504	501	434	408
1
331	241	260	479	478	408	392
1
329	236	249	446	445	376	357
1
339	269	289	486	482	425	405
1
315	231	249	457	454	356	342
1
309	234	254	459	455	376	361
1
336	243	264	468	463	391	373
1
351	273	293	498	493	412	394
1
345	268	283	469	465	434	417
1
346	262	267	461	460	375	388
1
337	258	278	472	468	391	386
1
340	252	270	485	482	403	382
1
298	227	250	413	411	352	338
1
289	222	238	413	411	339	334
1
323	248	271	458	456	388	374
1
337	248	269	470	464	378	380
1
342	263	280	485	482	418	406
1
354	263	284	496	492	421	401
1
343	280	301	497	494	455	434
1
344	262	276	478	476	394	382
1
321	247	258	434	433	365	360
1
332	249	269	472	468	397	386
1
304	235	248	413	411	356	350
1
341	275	302	474	473	420	413
1
332	243	262	445	444	363	367
1
337	271	290	499	496	453	424
1
336	265	279	475	472	375	380
1
327	239	256	457	455	386	370
1
296	229	249	409	406	328	335
1
299	219	242	444	440	362	343
1
331	249	266	460	456	393	366
1
342	268	286	503	496	445	430
1
357	284	301	505	504	429	433
1
308	238	258	444	439	361	355
1
338	242	259	458	455	358	360
1
347	251	271	498	492	417	400
1
303	231	248	440	437	365	360
1
352	273	297	500	496	410	405
1
356	266	283	506	501	414	408
1
348	258	280	494	490	404	390
1
324	245	266	455	452	376	378
1
349	256	279	479	474	399	386
1
319	236	251	447	445	363	358
1
338	263	280	460	458	396	387
1
291	223	244	414	412	346	342
1
321	236	251	483	481	394	390
1
318	249	266	444	440	378	381
1
318	236	251	448	446	359	357
1
335	243	261	458	453	378	360
1
327	243	267	450	444	404	381
1
341	252	272	476	472	385	389
1
354	271	290	516	513	436	414
1
298	234	256	412	408	350	349
1
320	258	271	450	450	382	367
1
333	256	276	496	494	424	400
1
313	242	260	454	451	387	370
1
336	249	269	471	467	384	370
1
334	250	271	469	466	400	385
1
348	252	270	486	482	402	390
1
332	256	269	468	466	387	385
1
338	256	279	473	472	378	384
1
299	227	241	439	435	362	362
1
339	258	273	469	468	395	387
1
344	262	287	489	486	414	393
1
358	275	289	469	469	397	399
1
334	249	270	468	464	379	384
1
320	253	278	461	460	376	370
1
341	266	289	469	464	399	394
1
332	259	274	458	454	382	378
1
353	268	288	481	480	414	413
1
303	240	260	431	427	364	348
1
342	248	265	469	464	396	369
1
332	243	266	461	457	396	377
1
302	230	249	439	435	358	344
1
336	268	289	455	452	379	378
1
357	295	320	524	516	432	437
1
311	245	267	418	417	360	343
1
342	261	280	494	489	409	392
1
324	242	258	448	446	375	373
1
340	251	272	483	478	414	414
1
337	250	262	481	479	381	376
1
356	274	294	491	489	421	408
1
346	272	288	487	481	407	411
1
324	246	265	473	471	397	372
1
320	256	274	486	485	401	400
1
313	234	258	435	432	372	363
1
352	269	289	507	506	431	413
1
344	255	275	455	451	389	382
1
343	257	273	472	468	410	400
1
324	240	251	432	432	346	344
1
328	253	267	458	455	380	386
1
330	262	278	479	476	382	388
1
319	235	251	457	452	374	358
1
338	260	283	479	477	411	403
1
361	298	322	490	490	426	423
1
345	257	272	495	492	396	385
1
366	280	303	510	509	437	424
1
337	260	273	475	470	410	388
1
324	247	264	465	461	364	363
1
343	273	296	471	468	403	405
1
288	233	246	418	415	352	350
1
335	260	281	462	459	389	389
1
335	241	261	455	450	393	376
1
328	243	264	457	453	374	361
1
328	233	247	467	464	346	346
1
337	242	259	464	462	385	378
1
353	259	278	504	501	416	399
1
329	257	274	468	467	398	389
1
311	239	255	446	444	358	352
1
320	246	262	441	439	351	350
1
326	245	260	464	460	397	382
1
344	273	295	482	477	411	414
1
354	297	318	528	525	451	433
1
347	275	288	493	489	395	390
1
320	244	262	453	451	369	353
1
348	275	292	496	493	434	413
1
361	256	267	518	515	404	398
1
334	232	251	446	443	378	361
1
346	263	285	490	486	403	398
1
340	256	274	479	477	395	381
1
334	245	267	465	461	401	380
1
339	255	275	481	479	394	396
1
290	235	254	418	417	357	341
1
324	238	254	447	445	381	366
1
333	239	254	448	446	364	366
1
331	258	281	453	453	375	364
1
336	246	261	450	445	348	359
1
344	254	269	463	460	371	366
1
312	241	258	465	461	374	373
1
301	225	249	423	422	352	331
1
321	253	278	474	471	420	398
1
330	257	278	475	473	382	387
1
335	251	270	476	472	399	382
1
334	256	278	458	457	385	389
1
334	245	259	482	477	395	384
1
314	225	245	433	433	358	349
1
321	245	263	454	448	392	384
1
339	253	268	490	487	421	397
1
310	229	250	419	417	370	353
1
337	267	288	468	463	394	390
1
329	258	277	494	492	417	412
1
321	247	266	450	447	383	368
1
311	242	262	429	427	350	345
1
315	250	266	426	424	348	357
1
318	259	281	444	440	386	370
1
328	258	275	463	460	389	369
1
374	279	296	510	504	433	430
1
360	250	268	470	470	370	380
1
348	270	291	493	487	402	398
1
320	234	254	459	457	388	374
1
346	273	288	487	484	400	401
1
343	272	290	508	505	441	427
1
349	263	281	485	483	382	382
1
331	244	261	472	468	371	378
1
348	264	280	485	481	391	390
1
365	264	286	521	518	452	423
1
363	266	282	527	527	422	404
1
318	241	259	457	453	387	365
1
329	251	274	450	448	385	375
1
340	271	290	490	486	417	400
1
314	239	265	449	447	354	361
1
351	255	274	500	493	399	390
1
346	246	262	496	494	410	390
1
322	227	251	429	427	353	361
1
332	241	258	449	446	385	371
1
336	249	269	474	472	405	379
1
359	258	277	492	487	421	405
1
319	233	252	460	456	376	369
1
346	255	274	479	476	398	385
1
330	240	257	448	446	381	357
1
318	226	247	440	437	344	348
1
365	286	306	525	519	450	444
1
323	241	251	457	454	367	370
1
354	266	283	476	471	403	384
1
307	236	252	412	407	345	342
1
304	225	244	420	417	347	348
1
340	241	259	483	480	400	390
1
337	237	260	461	459	383	367
1
324	245	271	453	449	374	367
1
353	270	287	505	500	437	428
1
315	249	271	461	456	372	369
1
339	270	284	476	473	403	384
1
331	239	262	445	444	364	372
1
316	234	251	443	439	379	362
1
316	243	263	441	439	366	359
1
324	248	259	460	458	390	374
1
331	257	275	465	463	389	387
1
333	250	266	469	466	401	387
1
342	258	279	475	472	402	387
1
350	280	304	513	511	455	444
1
327	249	271	452	449	387	380
1
325	235	254	455	453	388	367
1
307	225	245	445	443	374	351
1
346	263	281	476	475	414	392
1
321	241	258	448	441	354	364
1
348	266	291	509	506	421	406
1
352	259	277	498	491	421	393
1
346	251	271	461	456	375	372
1
359	271	292	502	499	422	405
1
357	274	291	505	500	399	399
1
336	244	264	465	461	368	372
1
335	248	264	463	460	383	382
1
335	255	278	499	494	429	411
1
340	255	272	484	483	396	381
1
332	254	264	449	445	394	370
1
321	229	248	451	448	366	348
1
347	265	277	491	487	402	393
1
346	262	279	499	496	423	414
1
356	262	283	496	491	404	395
1
339	241	260	491	489	406	389
1
327	243	257	452	451	377	367
1
345	257	279	487	486	412	403
1
357	260	277	491	490	411	401
1
357	257	281	515	511	430	411
1
320	249	264	467	466	396	372
1
332	259	281	483	481	412	394
1
326	252	267	460	457	376	362
1
338	256	269	484	479	412	404
1
347	253	278	476	472	380	372
1
328	237	256	461	457	381	371
1
309	230	248	433	432	341	352
1
322	242	262	465	462	381	371
1
285	214	231	412	411	310	321
1
348	255	270	474	473	374	379
1
333	246	264	475	471	392	373
1
339	251	275	481	475	382	387
1
319	231	254	452	450	364	362
1
339	253	268	482	481	391	389
1
319	232	250	449	448	375	360
1
351	255	275	461	458	401	380
1
344	252	270	487	483	410	398
1
337	253	271	479	476	370	369
1
355	278	301	501	499	423	413
1
340	256	273	490	488	421	401
1
338	252	274	471	464	378	381
1
335	259	276	479	479	397	387
1
362	268	288	495	491	413	410
1
346	263	277	468	465	397	378
1
343	274	296	512	503	449	420
1
357	260	281	509	506	433	412
1
323	253	271	444	441	367	365
1
326	242	260	448	446	357	349
1
327	242	257	456	454	378	364
1
368	283	299	516	513	431	426
1
327	253	269	450	449	396	392
1
330	235	255	449	448	370	344
1
338	248	264	481	477	403	387
1
298	226	243	431	429	334	326
1
307	236	252	445	440	364	364
1
342	261	280	486	481	404	390
1
366	292	305	496	491	433	424
1
349	250	269	468	463	385	370
1
301	236	261	436	432	365	353
1
315	246	262	456	452	380	372
1
331	239	257	481	477	396	379
1
303	237	252	441	440	363	349
1
352	265	284	483	479	419	403
1
317	247	267	444	441	362	369
1
301	237	254	437	431	375	353
1
332	252	268	472	467	387	388
1
342	251	268	482	480	392	392
1
325	242	260	463	460	393	375
1
347	259	280	503	499	427	412
1
294	251	265	435	430	348	358
1
344	275	293	482	478	400	415
1
341	247	267	462	457	364	368
1
384	312	331	559	553	458	465
1
304	234	245	449	446	349	345
1
361	268	282	500	497	401	395
1
331	250	264	463	460	395	376
1
359	260	284	488	487	388	387
1
340	239	257	480	478	388	379
1
306	245	259	428	425	374	356
1
325	249	266	469	464	392	372
1
344	263	274	496	492	394	396
1
332	250	271	450	446	387	370
1
317	235	251	455	453	368	363
1
363	276	290	522	519	436	421
1
359	261	279	487	485	397	397
1
320	233	254	464	461	376	363
1
345	272	290	489	487	410	404
1
342	274	296	511	508	426	415
1
331	252	274	463	456	378	365
1
320	251	262	470	466	389	381
1
331	238	253	471	469	383	366
1
328	247	268	465	462	390	378
1
335	250	266	470	467	407	390
1
348	270	287	496	495	417	397
1
367	260	278	497	490	414	397
1
347	264	284	503	499	412	391
1
330	253	271	449	447	387	368
1
309	249	270	456	451	385	377
1
345	271	287	506	504	409	400
1
320	224	247	443	440	350	341
1
315	230	253	431	430	352	353
1
333	273	288	490	485	416	407
1
351	268	291	480	478	408	399
1
339	245	266	472	470	376	377
1
341	244	260	468	464	374	379
1
319	236	253	463	460	355	348
1
324	232	255	461	459	381	366
1
338	260	281	495	495	414	402
1
303	235	249	434	431	363	361
1
336	252	275	470	466	398	381
1
329	251	268	479	479	387	379
1
309	240	253	432	430	378	359
1
324	266	287	452	451	375	378
1
333	278	297	478	472	398	401
1
335	248	264	474	471	387	386
1
303	240	252	424	420	351	339
1
345	251	264	483	482	406	391
1
358	266	281	467	465	398	387
1
391	296	315	536	534	446	439
1
327	246	263	448	443	392	375
1
323	236	252	458	457	366	374
1
346	260	279	477	474	419	399
1
345	273	295	497	495	399	402
1
324	254	277	477	474	393	380
1
304	249	267	446	444	362	362
1
342	276	291	503	498	419	422
1
338	242	260	456	453	367	360
1
319	268	292	475	470	383	386
1
315	240	259	434	432	350	352
1
308	237	258	442	436	344	354
1
365	269	285	529	524	441	438
1
328	258	273	439	437	379	379
1
314	241	260	461	457	387	372
1
353	261	278	486	481	401	386
1
322	270	294	468	463	395	401
1
345	275	297	529	521	445	446
1
342	266	285	476	475	414	410
1
337	245	260	489	483	392	378
1
328	250	270	456	453	387	373
1
322	242	263	461	458	383	363
1
357	282	296	504	501	431	417
1
328	250	278	455	454	386	395
1
335	260	283	464	461	376	378
1
340	263	275	466	461	392	376
1
349	252	266	474	472	407	393
1
315	238	248	483	480	380	371
1
311	231	252	430	427	360	354
1
354	269	288	475	474	404	397
1
349	252	270	465	463	374	381
1
349	278	291	493	491	452	413
1
326	241	256	463	457	394	372
1
325	254	272	471	469	395	386
1
343	260	278	477	472	402	378
1
347	265	276	490	487	405	393
1
336	253	270	455	452	372	371
1
306	245	267	464	460	394	386
1
353	265	283	496	492	412	403
1
319	243	257	454	450	383	361
1
317	259	277	451	450	393	392
1
344	254	275	500	496	404	393
1
316	242	261	432	429	373	371
1
328	250	265	447	446	379	377
1
327	268	286	478	471	404	386
1
337	254	273	462	459	396	385
1
313	249	267	467	465	396	382
1
322	239	252	446	443	389	371
1
381	271	293	510	507	445	429
1
341	266	285	475	473	413	391
1
356	257	282	484	479	432	413
1
369	264	286	497	494	405	400
1
342	268	289	485	481	404	405
1
350	268	282	496	491	418	409
1
335	254	273	470	467	393	382
1
315	250	270	458	452	359	355
1
317	253	271	454	447	399	383
1
349	260	282	495	492	415	406
1
312	256	271	471	470	393	384
1
367	269	280	492	490	393	392
1
334	264	280	482	477	390	377
1
328	250	266	480	479	411	395
1
318	247	263	448	444	373	373
1
364	260	279	515	513	427	407
1
341	264	282	466	463	414	386
1
329	250	274	450	448	376	375
1
357	268	285	502	499	423	410
1
335	252	267	474	469	394	369
1
323	243	266	435	433	358	353
1
316	238	261	466	461	390	383
1
324	240	259	473	468	386	373
1
350	254	279	465	459	411	392
1
320	258	277	477	474	415	397
1
324	237	255	426	425	340	351
1
344	286	305	492	488	438	415
1
334	265	287	503	500	442	417
1
320	248	263	448	447	357	362
1
314	233	253	431	428	326	342
1
354	275	291	498	496	412	403
1
331	255	276	466	463	383	378
1
359	267	283	481	473	418	394
1
344	254	271	468	467	404	394
1
350	260	282	490	487	391	387
1
349	264	279	487	484	428	404
1
340	264	278	489	484	416	410
1
354	270	291	493	489	392	390
1
365	277	293	509	498	421	415
1
339	254	270	481	476	389	386
1
325	246	258	462	460	401	377
1
314	230	250	431	428	367	353
1
346	267	282	499	493	397	390
1
346	259	271	477	474	410	399
1
364	268	282	513	510	426	405
1
328	252	274	470	467	375	372
1
337	243	264	466	461	384	365
1
340	248	273	489	486	397	383
1
349	261	281	511	506	424	419
1
331	240	263	458	456	382	365
1
344	264	287	473	466	402	403
1
301	227	244	418	418	354	331
1
349	281	292	523	518	453	442
1
338	263	282	467	462	399	383
1
332	251	268	484	481	407	396
1
322	245	264	460	457	400	397
1
308	241	258	428	422	339	340
1
338	254	274	486	482	405	396
1
347	270	291	492	487	416	405
1
357	264	279	494	493	424	405
1
362	294	317	547	541	435	436
1
346	257	275	484	482	400	396
1
331	247	263	445	441	401	384
1
350	271	293	507	502	442	422
1
315	237	258	448	445	376	361
1
342	256	271	491	489	420	402
1
352	276	295	500	498	430	410
1
326	248	265	488	486	408	391
1
342	259	278	477	474	405	391
1
337	246	266	472	467	373	384
1
326	251	273	453	450	402	383
1
345	256	273	471	470	407	389
1
334	249	270	466	461	386	364
1
355	267	285	481	477	413	409
1
343	259	277	469	466	420	402
1
338	257	275	469	466	393	384
1
354	261	280	478	476	393	380
1
324	246	263	450	446	385	361
1
354	274	295	511	510	445	420
1
351	266	284	505	503	410	408
1
330	247	273	476	474	383	381
1
346	274	287	486	482	439	415
1
363	278	302	512	507	419	412
1
307	270	290	502	500	422	398
1
315	246	263	459	455	386	377
1
350	265	285	491	490	404	406
1
309	231	250	444	441	376	356
1
341	252	270	479	474	407	384
1
333	265	291	441	439	368	369
1
344	256	276	509	503	420	402
1
330	250	270	478	472	397	389
1
367	273	290	518	515	430	419
1
327	240	258	468	465	386	379
1
334	244	256	465	460	389	365
1
330	255	274	473	471	395	380
1
345	263	289	490	488	421	407
1
321	254	269	447	447	362	363
1
353	267	281	488	485	392	386
1
366	283	301	524	522	453	436
1
328	256	275	489	487	408	390
1
312	225	247	435	432	368	359
1
340	248	270	472	468	400	382
1
314	233	251	453	447	370	368
1
328	247	264	454	456	386	373
1
310	232	247	428	427	338	345
1
352	261	282	469	465	380	370
1
306	229	247	425	420	341	339
1
327	237	253	441	441	356	353
1
346	252	269	497	496	407	391
1
334	250	265	470	469	391	377
1
357	285	294	503	500	432	424
1
357	269	285	489	486	413	390
1
344	260	279	490	487	410	394
1
341	256	273	483	477	396	393
1
349	265	285	467	465	418	407
1
345	260	279	486	477	394	389
1
333	260	273	480	474	398	383
1
344	243	260	481	479	388	375
1
359	262	286	502	499	425	416
1
334	259	280	468	463	401	398
1
324	255	277	462	458	391	390
1
356	258	279	493	491	403	388
1
359	264	286	512	509	414	411
1
309	238	258	438	435	366	352
1
327	250	271	465	463	379	373
1
333	239	264	478	478	389	383
1
303	227	245	431	427	350	343
1
316	231	248	444	441	390	367
1
330	243	264	461	458	381	370
1
315	233	259	443	439	367	351
1
350	272	290	498	493	415	397
1
347	263	283	504	503	424	417
1
322	237	257	439	436	371	368
1
313	240	254	450	447	374	374
1
337	258	277	491	488	417	405
1
327	239	249	431	429	374	355
1
337	251	268	476	471	423	405
1
336	244	264	451	451	368	364
1
346	270	285	477	475	391	392
1
345	244	268	473	470	375	383
1
340	244	261	455	452	376	376
1
368	290	305	541	537	446	436
1
317	242	260	445	447	383	376
1
327	249	269	476	472	389	382
1
313	245	258	453	450	366	360
1
363	269	286	503	499	427	407
1
307	227	245	427	421	336	334
1
333	248	272	488	483	394	381
1
357	270	288	510	504	419	418
1
334	286	302	520	517	429	420
1
357	281	299	498	490	421	421
1
335	243	259	452	450	376	370
1
340	257	272	485	482	398	400
1
345	272	285	487	481	414	408
1
343	260	280	496	490	416	392
1
344	263	283	477	475	416	395
1
330	253	273	468	465	378	382
1
343	264	280	465	461	374	369
1
330	254	271	452	449	376	372
1
355	276	298	486	485	433	420
1
311	252	262	451	446	363	364
1
329	232	258	452	447	388	373
1
313	243	266	454	446	365	368
1
347	278	299	505	500	424	413
1
337	267	289	497	490	442	414
1
353	263	285	513	504	417	417
1
345	252	270	496	494	398	387
1