humxln radxln ulnxln femxln fembln tibxln fibxln
304 246 264 467 462 392 383
313 245 258 453 450 366 360
308 237 258 450 447 384 375
304 232 248 432 428 357 351
345 257 279 487 486 412 403
309 236 248 433 429 364 358
356 271 295 478 474 402 399
343 277 299 474 472 414 412
314 223 239 432 430 350 342
351 253 264 484 483 389 377
326 254 280 459 458 394 386
339 240 257 490 488 386 387
337 254 273 462 459 396 385
324 242 263 448 447 389 374
303 237 252 441 440 363 349
317 240 268 457 455 372 366
333 247 261 468 467 404 391
339 256 271 475 472 390 381
309 243 266 434 428 371 363
357 258 281 508 507 416 414
387 270 284 519 516 437 421
343 242 263 465 462 379 371
342 263 280 485 482 418 406
334 270 285 482 477 396 392
312 231 244 437 434 362 357
272 195 214 387 380 312 310
337 248 266 444 438 363 364
352 254 269 487 485 410 397
353 263 285 513 504 417 417
340 258 277 484 479 409 400
306 231 245 446 442 368 348
315 231 254 443 442 351 344
337 246 260 461 459 387 364
353 270 285 484 480 418 382
332 250 269 454 451 387 373
373 259 276 505 499 423 406
317 232 250 444 441 370 350
348 260 279 474 489 416 398
325 238 257 443 440 368 352
346 259 271 477 474 410 399
309 240 253 432 430 378 359
344 256 277 479 478 392 388
348 264 280 485 481 391 390
354 297 318 528 525 451 433
310 241 258 451 446 373 365
332 255 273 462 459 406 403
327 255 274 459 455 378 384
347 267 288 485 481 407 398
295 218 236 412 410 342 329
358 264 278 495 491 401 390
326 242 260 448 446 357 349
295 212 227 414 412 335 324
351 257 272 473 471 390 388
300 219 237 437 434 343 332
360 276 298 477 476 426 415
344 254 269 463 460 371 366
284 221 238 423 420 339 338
332 251 274 463 460 384 366
339 245 271 459 458 378 367
313 239 255 447 443 376 369
298 216 230 429 426 350 331
324 236 250 447 446 347 346
319 238 254 457 455 365 358
336 247 263 475 473 373 368
304 225 235 425 422 353 348
320 246 262 441 439 351 350
309 243 264 450 448 350 351
302 223 247 421 417 351 350
344 250 266 488 486 368 362
333 255 271 472 466 378 382
301 237 261 414 408 337 334
339 254 270 481 476 389 386
342 240 254 476 473 379 368
332 248 263 467 462 379 368
294 208 227 412 410 325 316
314 239 254 432 429 362 364
303 221 244 444 441 356 343
278 213 232 409 405 345 342
350 260 281 492 491 421 415
321 231 246 455 447 364 366
308 226 243 420 414 355 351
319 247 268 442 439 371 364
303 235 249 434 431 363 361
336 247 276 477 475 390 383
311 228 250 438 433 368 357
346 255 274 479 476 398 385
339 241 262 463 459 378 376
289 207 238 420 419 327 313
305 225 235 441 436 366 349
326 242 259 467 464 387 383
328 244 260 458 457 380 370
364 263 278 511 508 428 417
344 269 288 497 494 425 423
320 256 274 486 485 401 400
361 278 294 518 511 428 420
347 261 280 484 481 412 416
358 266 288 508 504 417 408
314 230 243 436 432 359 355
328 246 265 447 446 385 382
312 248 266 480 477 404 401
288 201 219 404 399 325 318
329 251 269 473 472 383 388
307 224 239 433 429 347 342
314 224 236 426 421 349 344
328 247 265 481 479 402 389
300 209 220 404 401 334 324
302 234 256 431 427 355 358
306 228 244 449 446 368 361
311 225 245 454 450 354 343
279 211 226 407 405 317 307
307 233 248 446 444 356 347
315 229 243 458 452 375 363
303 222 243 420 418 343 338
311 229 243 431 424 346 344
304 229 245 455 448 356 351
300 225 239 427 421 351 347
300 234 250 444 441 364 350
322 232 250 440 437 372 360
324 230 245 468 463 379 370
349 270 285 479 474 412 400
338 260 281 495 495 414 402
350 260 282 490 487 391 387
335 265 282 468 461 383 385
362 275 293 505 499 424 405
350 269 289 494 493 421 414
325 237 250 443 438 379 365
315 251 273 453 449 382 374
320 258 271 450 450 382 367
359 278 290 484 482 403 400
322 229 246 448 444 368 347
317 246 266 429 426 363 356
363 285 299 500 493 420 410
287 212 221 404 402 337 333
331 243 266 459 456 374 373
296 235 251 416 414 352 347
311 228 250 444 438 368 359
310 231 252 438 434 359 354
294 217 232 419 414 338 330
293 212 225 404 399 334 332
329 248 263 473 468 400 383
310 246 268 447 443 373 369
334 254 273 514 505 424 414
327 248 270 471 468 393 381
307 230 244 449 448 365 355
344 260 273 498 494 396 389
304 234 251 423 422 357 358
361 281 297 531 528 442 431
338 263 283 482 478 424 404
329 260 269 471 469 398 393
341 258 274 501 496 406 401
349 262 278 479 473 395 392
316 233 251 463 457 366 360
327 234 257 469 464 373 368
354 279 296 494 492 403 400
354 267 291 513 506 412 402
341 253 265 477 472 380 375
329 251 265 465 463 392 383
333 253 268 469 466 384 381
313 232 256 451 446 366 365
297 240 260 430 424 354 356
297 228 245 441 440 355 361
327 262 282 485 484 412 404
342 244 263 489 484 385 375
282 216 233 397 395 334 319
334 286 302 520 517 429 420
302 227 245 429 427 360 364
333 255 276 489 483 404 397
352 278 297 487 485 422 421
348 259 275 493 489 414 404
331 255 276 466 463 383 378
326 250 278 471 471 389 375
323 251 273 475 471 396 380
376 274 291 511 510 404 390
324 249 255 476 473 392 373
333 252 269 477 475 393 390
332 255 269 474 469 383 369
344 255 276 463 462 397 390
368 284 304 526 515 431 418
309 233 259 447 437 367 357
300 237 257 437 432 362 361
339 258 273 469 468 395 387
360 269 283 510 506 422 416
280 218 234 411 408 348 344
289 209 221 398 395 320 312
294 228 245 422 419 341 334
303 235 245 427 422 342 337
317 230 247 462 461 374 373
292 220 235 448 443 360 352
352 261 281 515 510 412 413
309 242 261 441 435 360 355
311 239 255 446 444 358 352
344 264 284 481 476 395 393
290 214 228 416 414 336 335
362 268 288 495 491 413 410
330 237 253 459 458 366 363
311 237 253 437 437 360 347
316 214 226 437 434 356 348
288 218 233 413 410 346 333
339 256 280 477 475 399 397
332 254 268 481 475 392 386
315 228 251 436 431 353 347
324 249 266 456 453 382 379
334 253 276 486 480 409 400
354 278 296 510 499 422 409
358 270 287 494 490 410 406
351 255 274 500 493 399 390
334 249 267 459 455 373 367
342 272 290 489 480 418 407
264 194 212 394 390 310 304
338 263 280 460 458 396 387
381 296 308 502 500 454 439
317 246 258 450 445 366 363
304 237 260 437 433 367 366
380 288 306 539 530 465 454
330 263 281 471 467 395 390
326 250 271 475 472 388 390
348 267 283 500 495 403 392
321 249 266 437 435 373 370
323 256 271 436 430 383 383
312 243 261 462 456 383 382
327 252 269 469 465 394 388
306 235 251 445 435 368 357
306 236 258 433 427 382 380
339 278 297 486 479 402 395
349 274 293 499 496 418 393
321 252 267 489 485 400 401
334 255 271 491 487 408 401
376 284 303 497 496 434 421
323 242 263 460 456 385 380
309 243 260 443 435 366 362
315 250 270 458 452 359 355
321 239 251 442 436 366 357
339 253 269 460 456 382 369
308 220 247 386 381 352 341
322 262 280 458 454 383 372
288 199 215 426 423 363 350
339 263 284 448 445 393 387
322 234 252 459 453 376 369
367 277 297 496 492 411 397
304 210 228 418 415 336 338
332 255 270 494 488 419 401
309 235 252 445 440 380 365
330 234 258 471 465 365 362
332 250 270 442 438 376 382
358 282 302 502 499 442 428
303 237 249 451 448 356 348
340 244 261 455 452 376 376
294 214 232 412 410 328 327
370 278 292 520 516 429 420
306 226 248 439 436 347 344
319 237 253 457 449 378 376
362 266 285 500 496 425 414
331 255 278 478 478 405 406
324 243 259 453 452 370 368
329 254 264 478 477 398 390
309 246 274 435 432 373 371
340 253 266 453 451 385 382
300 218 234 410 405 337 337
333 260 273 480 474 398 383
352 276 295 500 498 430 410
363 278 302 512 507 419 412
338 247 265 474 471 378 383
314 242 263 437 432 371 358
311 244 264 456 451 374 363
313 235 257 450 446 352 347
368 283 299 516 513 431 426
314 227 240 447 444 363 356
298 239 257 429 425 347 353
356 265 282 506 502 399 384
316 239 259 456 450 371 364
325 242 259 456 454 375 361
345 275 293 476 474 412 398
316 227 247 463 459 383 379
319 241 256 467 461 375 375
335 262 284 482 480 395 394
314 237 251 433 428 356 343
294 217 230 408 404 355 336
340 277 301 507 505 431 413
354 261 286 485 482 421 412
342 261 280 486 481 404 390
324 272 285 494 487 426 415
336 261 282 487 484 415 410
324 255 275 475 472 394 385
328 251 266 462 459 388 380
306 250 268 446 444 355 354
368 308 328 542 537 467 465
347 265 276 490 487 405 393
329 253 268 482 474 384 376
335 255 268 484 479 390 380
309 244 257 449 445 381 375
314 225 242 431 429 370 356
316 249 267 471 462 392 386
312 235 252 440 436 362 350
299 236 254 436 437 352 339
334 247 270 471 471 374 369
345 255 276 508 505 410 411
316 244 260 473 468 390 374
340 258 278 482 479 405 397
340 260 278 474 473 391 384
359 268 280 513 507 414 410
323 263 283 482 480 406 387
328 248 270 473 468 392 392
316 228 248 450 446 364 362
342 264 282 499 496 413 415
329 230 243 457 452 365 361
360 273 294 505 503 407 407
347 262 281 484 480 396 395
331 261 279 483 481 400 394
302 215 232 435 432 357 339
343 265 283 475 473 410 409
330 246 262 463 458 384 370
324 242 258 448 446 375 373
317 233 245 463 457 364 355
331 262 283 479 475 395 390
365 277 293 509 498 421 415
322 245 264 460 457 400 397
347 269 288 476 470 396 393
329 243 260 441 438 364 357
345 275 297 529 521 445 446
346 260 281 477 473 389 390
327 262 280 480 477 397 385
332 259 274 458 454 382 378
324 251 270 449 445 391 390
343 261 281 489 486 398 395
327 253 270 501 496 404 394
329 253 274 468 464 383 382
310 237 254 451 446 362 356
324 244 258 441 440 363 364
319 233 252 460 456 376 369
315 236 257 450 447 373 362
329 256 279 466 463 396 388
358 281 305 507 504 435 425
330 250 270 463 455 376 364
363 295 309 530 528 446 429
307 227 245 427 421 336 334
309 247 265 445 440 379 369
313 248 265 473 469 393 378
294 224 240 421 417 353 346
323 235 250 460 456 364 363
365 269 285 529 524 441 438
336 256 274 464 459 388 377
318 259 281 444 440 386 370
379 299 312 539 535 479 462
334 264 280 482 477 390 377
326 248 262 461 457 389 384
311 232 247 445 441 353 350
340 257 272 485 482 398 400
343 241 272 489 484 389 382
324 233 250 449 443 381 368
300 228 242 437 427 351 347
342 276 291 503 498 419 422
366 299 316 513 507 432 427
306 239 255 412 405 354 339
328 254 271 457 452 372 369
352 276 296 472 469 431 420
299 249 274 437 434 370 360
329 262 280 467 458 379 373
337 251 269 468 461 398 389
352 278 297 515 506 417 405
329 259 274 463 458 392 384
311 245 264 451 444 371 365
358 276 297 497 492 405 394
291 213 230 445 438 349 345
338 270 288 484 479 400 395
325 234 258 458 452 371 368
349 281 292 523 518 453 442
302 237 254 432 427 348 345
363 274 299 516 513 417 416
346 267 282 499 493 397 390
322 257 267 479 475 395 386
295 220 238 426 420 339 333
323 253 271 444 441 367 365
345 270 285 476 473 406 403
319 243 260 447 442 375 374
332 246 263 450 444 385 374
295 220 235 407 401 332 321
321 236 253 458 455 377 376
298 236 250 408 405 343 334
311 237 262 460 453 369 370
325 250 281 467 464 381 380
318 253 273 454 448 385 377
324 230 249 455 448 370 362
299 223 229 417 415 329 323
293 231 249 405 401 350 343
327 263 287 456 453 400 394
323 245 263 460 452 368 376
346 252 266 484 477 381 382
309 235 254 437 431 377 371
295 223 244 428 423 354 353
350 248 258 486 481 395 392
333 266 282 483 479 390 386
303 237 257 429 422 359 359
352 260 280 486 480 386 384
296 226 245 414 409 348 349
315 246 262 456 452 380 372
340 265 277 465 463 398 386
318 246 260 458 450 385 374
328 239 262 455 454 372 358
335 261 281 465 463 397 388
319 268 292 475 470 383 386
393 295 315 530 528 456 443
328 238 263 480 477 388 380
318 233 243 448 443 371 360
329 248 265 451 447 376 377
313 243 262 440 436 359 354
329 256 278 486 484 390 375
355 276 295 496 495 421 413
344 257 274 481 480 402 402
304 234 245 449 446 349 345
361 276 295 528 525 436 426
341 255 273 468 463 390 384
298 218 237 427 423 337 335
310 233 256 432 427 360 355
314 239 253 459 456 383 374
309 226 241 440 437 362 357
327 253 269 450 449 396 392
328 253 272 455 452 386 384
335 248 264 474 471 387 386
362 269 286 517 514 425 420
306 229 247 425 420 341 339
336 259 278 468 467 394 389
279 208 227 388 386 325 326
312 225 247 438 431 363 361
350 262 281 500 497 430 414
303 241 255 461 448 368 366
312 223 238 431 428 360 349
339 253 268 482 481 391 389
322 229 247 446 443 366 362
319 250 265 473 470 389 384
291 223 242 448 444 344 345
333 251 273 469 468 391 381
342 272 292 485 479 420 414
326 265 285 492 491 418 412
342 269 290 490 490 415 414
361 298 322 490 490 426 423
326 250 277 495 491 401 388
334 252 268 455 453 381 385
318 249 274 461 456 392 378
303 235 256 423 419 344 335
333 273 288 490 485 416 407
342 247 260 481 478 390 381
325 230 252 458 457 378 369
304 228 248 440 435 364 357
331 251 265 486 480 398 392
308 244 255 451 449 375 362
340 262 276 498 493 403 393
325 264 278 465 461 389 392
342 265 288 522 520 442 423
308 244 266 446 442 371 361
350 273 288 486 483 411 389
285 221 237 415 415 360 347
312 242 256 456 452 377 376
318 242 258 455 454 375 363
292 212 227 425 421 337 321
346 270 285 477 475 391 392
342 264 279 476 471 394 385
344 265 292 499 491 395 388
320 236 253 447 446 372 362
346 281 297 497 494 412 409
351 271 289 485 477 407 395
293 222 239 414 410 344 337
298 231 249 425 419 370 351
309 221 234 431 424 356 350
314 253 275 440 438 371 369
317 228 245 442 441 366 357
327 245 260 473 470 389 386
302 227 243 434 432 359 343
335 243 261 451 445 384 383
350 255 276 484 482 412 406
316 245 264 438 434 372 360
354 282 304 515 510 450 446
339 266 289 495 490 415 402
291 210 228 402 396 329 326
317 242 260 445 447 383 376
284 216 229 424 424 343 335
358 261 276 500 498 426 415
361 275 295 482 481 420 397
358 275 291 498 497 420 429
332 252 270 459 457 381 370
329 252 267 467 465 367 356
330 253 271 454 448 378 377
309 232 250 426 423 353 348
270 212 233 393 390 330 319
318 245 262 460 456 378 377
302 237 258 434 430 368 361
340 258 272 487 484 400 389
286 230 243 417 416 350 342
284 212 224 401 397 333 317
309 231 248 424 418 349 344
340 270 290 499 494 404 397
359 261 279 487 485 397 397
330 241 259 466 461 393 379
299 227 241 439 435 362 362
301 226 244 440 436 357 342
337 242 267 458 455 383 373
302 220 235 418 409 338 334
305 222 236 440 438 351 349
307 231 245 435 428 363 356
310 236 252 462 456 371 366
303 231 251 433 431 362 363
340 250 266 467 466 364 372
293 222 238 416 414 333 342
299 232 251 427 423 366 351
316 231 258 442 437 348 344
329 253 271 458 455 380 370
354 274 295 511 510 445 420
339 251 273 485 483 398 388
295 225 236 441 437 366 361
276 211 231 422 417 348 343
303 227 245 431 427 350 343
358 261 277 503 501 431 414
323 235 251 439 436 359 347
346 263 285 490 486 403 398
330 250 267 471 466 392 384
339 270 284 476 473 403 384
342 258 278 473 470 388 376
313 227 244 440 439 346 340
335 249 267 489 485 399 389
346 263 282 504 494 406 407
320 246 265 450 447 371 354
347 275 288 493 489 395 390
318 246 266 453 451 369 359
343 264 282 476 471 407 403
311 231 254 443 441 353 362
334 253 270 467 464 392 383
276 199 217 403 400 321 310
330 248 266 489 486 401 392
353 260 274 506 502 408 390
310 235 260 445 440 370 355
365 260 271 508 507 411 407
340 251 273 505 501 396 384
341 266 285 488 484 423 411
290 213 238 419 415 350 341
336 256 272 464 458 389 388
357 281 302 488 484 425 414
292 211 231 423 420 352 345
294 222 238 416 413 346 340
341 254 273 473 469 397 391
292 220 235 428 424 344 333
338 256 269 484 479 412 404
282 213 225 400 395 322 308
308 216 235 423 420 344 339
303 238 255 436 435 353 352
294 204 219 418 408 330 320
287 220 236 405 403 335 321
339 251 273 485 483 398 388
334 259 270 467 465 390 387
340 260 278 494 492 415 406
361 268 282 500 497 401 395
306 230 251 413 407 372 358
366 271 292 502 500 420 412
337 264 287 478 475 400 399
323 243 258 446 444 357 356
329 262 280 491 490 426 411
340 245 270 455 454 376 379
312 228 248 435 432 356 354
337 246 266 472 467 373 384
350 280 304 513 511 455 444
318 249 266 447 443 368 361
339 260 278 492 487 404 397
277 199 216 385 382 307 298
326 266 282 459 457 394 366
355 260 273 473 471 403 398
312 241 258 465 461 374 373
334 252 264 463 460 385 385
341 256 273 483 477 396 393
331 257 276 487 485 386 379
338 242 260 456 453 367 360
328 246 264 452 450 389 384
347 256 272 492 487 403 399
346 279 296 521 516 456 440
325 246 268 475 473 389 384
344 260 278 488 485 407 397
338 245 268 473 468 380 366
276 200 219 392 389 316 314
355 255 272 492 491 407 398
317 237 250 450 443 375 358
332 260 280 475 471 396 388
294 217 240 437 435 365 359
312 221 239 445 442 361 351
339 239 252 464 462 385 376
305 219 233 442 437 351 347
335 257 278 482 475 400 395
344 262 274 470 466 392 376
330 247 260 454 450 378 358
346 259 280 470 467 386 379
335 254 268 489 480 404 398
356 257 272 510 507 418 410
308 230 244 428 425 381 365
330 257 278 466 463 404 391
363 255 271 502 496 412 402
353 266 284 486 482 410 398
313 215 248 453 449 369 355
339 249 265 470 463 389 380
289 199 221 403 402 335 326
333 249 266 465 462 397 392
325 238 262 451 447 369 366
365 290 306 500 497 439 426
281 211 244 419 416 343 332
364 276 298 508 504 433 425
322 239 256 456 453 356 361
333 259 282 471 468 411 401
324 240 262 456 454 388 382
323 248 262 441 436 386 382
302 230 242 450 448 371 358
317 236 254 443 439 373 363
283 213 230 398 394 333 326
335 259 276 479 479 397 387
312 232 247 435 433 358 349
299 221 241 433 429 364 353
322 251 270 482 478 389 385
309 229 250 454 450 371 367
330 254 271 452 449 376 372
339 254 271 468 466 399 395
328 253 272 444 442 402 404
319 241 265 470 464 385 377
348 269 285 487 479 381 394
351 270 284 493 488 413 410
338 252 274 471 464 378 381
332 246 261 450 446 365 360
306 225 241 438 435 356 349
344 262 276 478 476 394 382
306 232 250 439 436 364 360
284 212 231 401 399 342 334
364 269 288 518 516 415 402
296 221 238 430 429 357 347
334 253 273 462 460 394 391
290 216 236 404 400 333 325
332 251 265 480 477 372 367
315 244 263 443 441 366 357
302 227 243 432 429 355 347
331 249 270 476 472 398 390
341 255 276 470 464 387 390
339 255 267 458 456 395 383
347 278 299 505 500 424 413
316 242 261 432 429 373 371
361 256 267 518 515 404 398
364 269 290 527 526 427 420
316 238 261 466 461 390 383
315 236 253 437 434 376 368
337 248 269 470 464 378 380
297 216 229 442 437 363 355
302 221 240 415 414 347 339
288 221 245 436 433 373 351
296 239 257 452 450 375 366
353 268 288 481 480 414 413
349 260 282 495 492 415 406
297 218 232 413 406 343 334
319 245 259 454 452 379 379
306 245 267 464 460 394 386
319 230 239 436 433 364 354
327 244 257 456 454 374 371
320 246 264 447 443 376 368
362 284 303 527 522 450 434
312 229 249 434 431 360 356
376 296 316 537 536 458 450
293 207 222 416 414 334 324
303 231 248 436 430 365 353
310 248 265 424 423 359 354
336 261 275 484 482 399 390
346 251 271 461 456 375 372
326 242 262 442 438 374 367
362 273 295 518 514 431 425
333 256 277 475 470 391 384
311 225 245 441 437 363 356
342 258 279 454 450 390 383
326 243 261 449 447 368 366
332 262 282 506 502 415 408
347 270 291 492 487 416 405
337 256 276 479 476 387 390
356 260 279 514 512 433 427
352 263 280 480 476 400 400
309 243 266 462 459 377 376
302 230 249 439 435 358 344
327 249 263 450 446 374 367
326 255 273 464 461 408 395
329 262 284 481 478 396 396
330 250 270 478 472 397 389
331 259 278 486 483 411 397
336 260 279 489 485 400 395
314 239 258 438 437 378 366
347 250 268 492 488 401 390
329 258 277 494 492 417 412
305 231 251 453 447 369 357
341 249 276 471 467 397 395
315 247 262 442 438 380 370
311 229 250 435 433 348 341
356 266 283 506 501 414 408
302 233 253 434 431 329 322
329 257 274 468 467 398 389
353 267 281 488 485 392 386
333 256 271 474 471 386 376
325 244 264 460 455 372 362
294 218 236 414 410 340 335
306 247 261 445 440 365 365
329 252 274 458 455 372 366
338 240 268 474 471 392 385
392 288 306 566 559 483 469
300 224 240 430 425 367 357
354 275 291 498 496 412 403
287 224 238 421 417 353 344
340 264 278 489 484 416 410
295 232 247 430 426 361 352
349 265 282 493 485 430 420
347 278 302 501 498 431 420
308 234 256 423 421 356 353
360 286 304 513 508 439 423
304 249 267 446 444 362 362
311 222 235 443 437 342 339
307 236 258 449 446 377 374
302 226 248 423 420 336 342
294 228 244 434 431 351 348
316 236 254 452 449 369 362
346 262 279 499 496 423 414
359 272 290 501 499 423 422
315 244 263 465 462 382 377
301 225 240 433 424 356 354
286 216 232 422 421 331 323
328 241 260 454 447 356 355
331 241 257 451 448 380 373
333 278 297 478 472 398 401
340 252 271 473 472 382 379
302 245 262 441 440 367 359
240 174 196 352 348 282 276
308 244 264 440 435 354 350
290 218 233 428 425 344 345
347 263 275 493 490 402 392
314 240 261 447 443 369 364
336 250 267 460 458 388 380
286 205 223 405 402 326 318
338 258 275 472 470 404 405
344 255 275 455 451 389 382
370 282 305 552 551 448 444
319 237 252 472 468 374 371
298 219 243 435 432 344 333
329 248 265 451 447 380 363
345 272 285 487 481 414 408
310 241 262 441 439 373 365
308 228 243 436 432 366 365
338 266 285 478 474 400 387
325 251 271 447 446 386 376
345 266 281 475 470 387 384
328 259 279 456 450 386 381
347 271 289 479 473 398 399
335 243 259 452 450 376 370
337 255 275 480 478 408 401
309 250 269 456 453 381 364
324 252 268 449 448 367 367
294 227 242 415 413 343 327
337 250 262 481 479 381 376
310 237 255 445 443 384 375
313 263 277 474 469 402 396
324 254 277 477 474 393 380
318 248 268 458 457 386 375
311 234 251 422 420 351 357
330 256 272 464 458 379 391
328 250 278 455 454 386 395
349 260 281 486 478 409 397
362 284 303 509 502 426 411
292 211 226 415 412 340 329
285 228 250 404 399 345 334
315 244 263 465 462 382 377
345 255 270 495 492 396 397
287 220 241 427 421 354 349
326 245 266 462 459 379 366
297 231 252 411 408 350 336
339 257 276 486 482 393 408
324 232 255 461 459 381 366
290 213 230 401 400 314 313
315 242 259 445 440 367 364
303 223 242 425 429 365 360
336 254 271 488 483 414 396
315 235 256 436 432 357 352
328 250 271 450 448 392 386
347 275 297 501 498 430 417
311 224 240 450 446 386 371
333 267 282 473 467 402 403
309 236 252 458 455 381 367
322 260 280 461 460 384 384
307 231 243 436 433 356 344
301 221 239 431 430 354 349
310 248 265 454 448 385 378
291 213 230 424 420 339 327
330 258 285 479 476 376 375
336 268 279 466 463 413 404
338 259 277 475 472 401 397
340 257 278 471 470 399 389
327 249 271 452 449 387 380
363 276 290 522 519 436 421
300 220 235 449 444 348 346
344 253 264 483 480 385 377
276 209 234 396 393 327 326
290 216 238 402 397 338 324
357 272 289 510 507 439 429
349 263 283 485 485 403 398
313 242 263 461 457 375 370
341 270 289 493 490 407 400
308 223 238 436 435 352 346
354 264 285 490 484 416 407
296 238 252 429 425 345 337
336 250 267 464 456 373 380
309 249 269 453 447 372 372
326 259 274 459 457 388 375
337 267 287 456 455 385 382
361 293 310 515 509 433 427
358 273 291 539 538 430 419
297 224 244 430 426 357 350
300 220 242 426 422 352 343
328 238 259 448 441 373 372
302 214 227 431 425 350 346
304 233 250 441 436 364 363
317 234 254 456 452 376 369
312 230 248 432 429 347 344
356 263 282 502 499 390 394
314 238 254 437 436 358 356
335 257 271 481 480 414 397
335 241 261 454 451 369 373
312 240 260 443 442 361 364
348 275 292 531 529 436 431
304 227 241 416 415 341 338
344 264 287 473 466 402 403
330 257 275 478 476 397 394
320 249 266 445 444 380 377
333 250 266 469 466 401 387
351 264 281 506 502 415 411
360 264 275 487 484 393 390
375 277 293 533 523 433 430
331 244 260 472 469 368 371
341 248 264 490 486 399 394
325 254 272 471 469 395 386
347 259 276 478 476 399 394
325 240 259 474 471 391 374
300 209 227 434 433 339 336
356 258 279 493 491 403 388
367 259 277 510 506 425 407
346 254 267 460 457 380 371
320 254 270 454 450 380 381
309 228 245 419 416 349 348
294 213 230 411 406 329 322
351 258 277 472 467 379 379
309 225 239 434 428 357 354
274 225 245 425 420 354 348
320 242 259 464 459 383 373
287 217 233 410 405 338 330
339 263 279 471 468 388 388
278 206 223 408 405 328 326
332 257 278 469 466 389 378
342 266 285 476 475 414 410
353 265 283 496 492 412 403
332 249 269 472 468 397 386
326 233 249 459 455 388 375
360 265 287 510 506 424 416
309 226 244 423 416 345 342
308 244 261 458 453 380 363
326 241 259 483 480 374 364
345 272 290 489 487 410 404
317 234 255 441 437 367 361
314 238 256 435 430 360 357
363 266 286 482 478 403 402
336 257 277 465 461 401 390
310 232 251 428 426 349 353
296 216 234 418 413 341 334
356 270 289 492 490 431 410
323 249 267 467 463 389 386
303 231 248 440 437 365 360
330 225 246 452 448 366 356
337 256 272 481 476 389 382
282 210 229 406 401 327 319
313 234 251 450 444 371 365
307 236 252 412 407 345 342
341 256 271 450 446 379 374
352 261 282 469 465 380 370
345 263 281 484 478 395 398
335 254 269 480 477 405 394
329 251 263 457 452 382 376
279 206 223 410 404 331 320
338 255 270 469 465 382 382
325 248 264 454 453 376 367
357 271 290 519 517 433 424
356 256 272 499 494 417 397
307 235 244 418 414 364 362
327 240 258 468 465 386 379
335 255 281 480 476 395 385
327 250 271 465 463 379 373
334 245 259 482 477 395 384
288 198 219 426 422 321 313
305 238 257 430 427 368 361
346 263 285 471 467 395 393
315 230 246 435 433 355 343
303 240 252 424 420 351 339
349 256 278 491 488 403 399
326 257 279 480 475 417 404
336 258 277 469 467 387 386
329 248 264 464 461 387 378
293 220 238 418 414 339 334
325 245 266 455 451 384 379
335 271 289 482 478 394 389
336 250 268 472 470 384 392
336 248 266 483 478 393 385
318 250 266 451 446 379 377
334 252 271 456 454 365 361
351 268 291 480 478 408 399
338 252 270 482 477 386 389
300 232 245 425 421 340 330
328 249 265 494 486 403 386
319 243 258 462 456 379 373
310 224 239 455 450 355 356
323 258 274 461 454 388 379
288 216 231 413 407 337 339
312 248 265 460 457 381 374
339 244 265 471 461 383 379
320 245 262 436 435 372 364
332 256 269 468 466 387 385
321 236 258 448 445 364 357
332 240 255 454 448 369 367
361 252 277 505 494 430 417
304 225 244 420 417 347 348
310 243 257 460 447 369 359
300 228 244 426 423 351 347
349 260 285 480 477 404 399
350 272 294 494 492 425 414
282 212 227 435 429 348 339
325 249 269 455 451 378 374
342 270 282 484 481 412 412
359 262 286 502 499 425 416
310 231 246 451 441 365 358
317 246 260 452 450 371 365
332 234 254 476 471 385 378
300 222 248 435 430 358 351
314 223 235 430 428 341 335
305 226 243 442 436 360 353
288 233 246 418 415 352 350
362 270 288 505 502 422 410
330 264 280 467 464 396 379
314 233 246 444 440 385 367
327 258 276 453 450 383 375
359 264 286 512 509 414 411
335 267 285 482 479 408 395
320 237 250 461 456 385 376
321 242 252 472 466 370 364
327 240 261 460 455 378 378
345 269 287 485 483 402 406
307 236 252 445 440 364 364
343 247 261 462 461 390 380
367 273 290 518 515 430 419
346 259 276 491 489 394 387
300 234 256 431 426 351 341
335 257 274 473 472 402 397
301 221 238 426 422 353 352
346 269 297 482 480 411 411
342 274 296 511 508 426 415
336 252 266 472 469 402 392
339 260 282 482 478 417 407
318 243 262 467 463 371 366
324 257 277 460 455 389 383
346 269 289 515 511 430 420
331 251 268 482 477 386 382
355 261 282 500 496 415 415
313 233 246 414 411 363 357
329 259 277 462 460 378 376
347 263 283 504 503 424 417
347 265 278 485 482 391 388
362 266 283 509 502 429 416
355 256 269 488 483 400 395
290 232 249 440 436 371 365
324 255 277 462 458 391 390
339 255 271 468 463 393 387
337 247 268 467 464 401 398
332 251 265 449 447 374 365
325 235 253 460 458 393 387
305 238 254 454 449 384 375
321 252 272 470 464 376 376
321 230 252 439 436 361 360
356 273 291 506 498 423 418
310 224 239 443 440 354 344
364 278 294 513 512 440 428
305 232 248 432 424 351 342
333 257 276 476 472 406 400
336 256 276 479 474 390 392
330 259 276 465 460 388 381
294 230 251 430 429 356 356
368 290 305 541 537 446 436
381 279 294 526 524 430 418
325 242 256 461 453 388 370
338 260 283 479 477 411 403
273 203 220 384 378 312 309
321 236 251 483 481 394 390
337 267 288 468 463 394 390
339 244 262 466 462 382 379
286 224 242 416 413 358 350
317 238 252 456 453 375 371
307 225 244 450 448 346 344
328 268 282 457 455 394 389
324 242 264 459 456 389 373
345 259 272 492 491 407 405
345 271 287 506 504 409 400
331 256 274 475 472 397 397
320 245 261 472 465 374 362
298 217 229 434 429 339 339
348 265 281 470 467 394 394
326 247 264 444 442 374 368
330 265 281 489 482 392 384
331 254 271 450 448 388 378
330 253 269 473 470 390 386
342 260 278 479 473 399 396
324 243 264 441 436 363 361
319 241 257 456 454 372 371
352 266 282 518 514 435 434
357 282 296 504 501 431 417
335 260 281 462 459 389 389
325 248 266 462 459 373 373
340 256 275 484 480 400 388
342 233 254 459 456 386 371
307 228 243 445 437 364 351
346 257 275 484 482 400 396
334 263 276 476 470 389 387
293 224 238 442 435 356 345
346 270 289 490 485 404 396
307 235 250 460 456 371 360
307 220 236 425 421 352 345
340 255 272 474 469 403 387
324 251 270 460 457 384 374
289 222 238 413 411 339 334
335 265 285 479 471 401 399
354 266 287 500 497 408 403
313 245 263 441 439 372 360
307 228 243 447 444 356 345
287 219 239 428 424 348 348
328 243 262 468 464 400 399
346 262 284 490 489 426 414
317 263 287 462 460 394 388
340 252 270 467 462 392 387
292 215 227 409 405 335 329
278 206 224 398 396 320 320
320 250 265 441 438 383 376
311 223 238 441 437 364 347
350 254 271 487 485 389 391
331 256 279 467 462 383 375
344 267 285 476 471 406 400
355 274 291 510 502 430 415
337 258 278 472 468 391 386
293 222 240 429 426 347 341
340 241 260 483 478 386 378
282 223 240 433 429 343 334
332 252 268 473 470 380 379
333 252 267 476 474 408 401
325 242 256 464 462 374 373
353 264 286 497 493 405 400
336 249 263 466 465 391 388
342 248 265 465 461 378 364
324 254 277 476 472 384 383
323 262 278 482 481 373 368
333 251 266 456 452 386 385
314 243 257 447 445 380 375
320 243 262 455 451 395 381
355 273 297 497 495 424 414
326 260 285 470 465 407 405
363 275 292 526 520 436 432
363 284 298 500 498 428 418
345 266 283 507 503 404 400
336 257 275 470 464 370 372
316 239 255 457 453 367 360
289 216 236 425 419 362 359
342 272 290 512 503 424 413
318 244 261 447 442 369 365
318 235 253 459 457 381 370
285 219 239 401 398 322 323
337 261 277 493 491 412 405
367 287 306 525 519 457 452
350 268 282 496 491 418 409
356 263 281 479 474 413 404
331 235 255 456 453 371 367
364 289 310 513 510 452 438
299 229 240 424 420 348 347
328 250 265 447 446 379 377
320 247 260 443 440 363 364
353 256 281 513 510 402 394
331 248 263 451 446 373 366
341 261 288 504 501 411 404
300 245 264 431 427 360 358
318 240 253 483 477 389 374
272 192 204 383 375 300 297
290 216 230 407 404 336 323
340 260 274 474 471 400 398
296 229 245 448 442 362 354
308 236 250 446 444 376 367
348 265 286 483 480 402 395
307 220 231 424 423 345 340
292 215 236 433 426 343 326
319 231 254 452 450 364 362
315 246 262 453 450 371 356
335 248 264 463 460 383 382
336 248 264 468 463 382 379
317 227 244 440 436 360 355
300 228 247 437 436 363 357
304 235 248 413 411 356 350
334 252 271 480 475 402 403
319 230 250 469 465 383 371
317 235 251 455 453 368 363
286 218 230 411 406 325 321
312 232 240 434 430 372 366
332 267 285 475 471 410 402
350 272 290 498 493 415 397
337 258 277 462 459 395 392
334 253 276 473 469 389 385
269 198 219 380 378 310 303
325 256 276 448 446 386 376
289 215 230 409 405 337 336
312 256 271 471 470 393 384
287 215 236 431 427 349 341
330 233 246 448 442 368 355
355 267 285 481 477 413 409
309 249 270 456 451 385 377
362 275 291 512 504 430 426
321 247 272 446 445 372 358
348 273 289 504 503 440 437
321 247 270 447 446 370 357
315 238 258 461 456 389 383
339 265 281 493 490 396 393
320 255 276 472 468 389 385
307 231 254 420 419 352 347
300 218 233 437 434 356 349
343 255 276 476 473 388 379
283 215 230 413 412 353 346
294 227 247 426 421 355 341
335 252 263 480 477 384 376
296 217 231 414 410 345 340
305 223 238 420 418 345 337
303 228 243 436 431 360 356
301 227 243 434 432 356 348
346 268 285 488 483 421 412
336 253 270 455 452 372 371
321 248 258 457 452 386 376
319 230 246 437 432 361 350
308 238 258 444 439 361 355
297 212 232 423 419 338 327
312 232 249 450 445 368 365
299 232 246 428 423 349 348
291 223 244 414 412 346 342
323 232 255 456 452 385 377
336 254 270 494 490 396 382
322 227 243 433 428 370 362
324 237 253 470 466 406 400
313 240 259 441 438 365 359
349 251 264 487 486 414 404
323 249 268 455 451 381 387
327 249 269 476 472 389 382
320 236 251 446 440 368 368
343 255 270 484 480 396 384
376 279 303 522 518 425 410
322 242 264 465 464 379 371
317 244 260 461 456 393 389
308 226 246 441 435 348 345
312 233 248 450 445 360 359
300 220 235 433 429 362 363
341 266 289 469 464 399 394
298 214 236 428 420 334 330
325 262 282 465 460 373 376
311 225 240 447 445 374 370
345 271 292 499 496 424 414
321 245 263 454 448 392 384
348 263 287 520 517 421 417
354 270 291 493 489 392 390
342 253 270 475 472 392 385
329 249 269 477 472 407 394
342 251 262 463 459 371 372
313 238 259 447 444 366 356
314 243 259 452 450 375 368
346 246 261 461 458 393 392
332 252 268 472 467 387 388
336 258 277 474 471 402 398
310 221 242 433 429 362 348
345 252 270 496 494 398 387
320 253 278 461 460 376 370
299 229 251 433 431 363 357
314 234 252 434 433 366 366
300 213 227 420 417 323 314
328 247 260 467 461 384 375
311 242 258 437 433 371 361
329 244 264 486 482 408 404
360 277 291 508 507 419 411
367 275 292 503 499 428 426
335 267 284 477 476 405 391
351 255 277 494 490 418 411
330 265 277 464 463 390 381
318 217 230 441 439 357 351
368 276 296 531 527 420 420
343 268 283 475 473 403 398
348 252 270 486 482 402 390
321 251 272 452 447 397 390
282 214 227 411 409 341 333
334 259 280 468 463 401 398
306 241 260 437 434 363 362
334 259 276 472 470 383 384
334 263 277 479 477 407 403
311 238 259 461 458 377 372
323 230 243 482 477 381 375
356 264 286 507 506 431 416
301 232 250 427 425 359 355
298 218 234 422 418 349 341
324 248 265 466 465 380 368
328 243 264 457 453 374 361
324 235 249 460 458 365 367
349 261 281 511 506 424 419
323 244 260 464 462 401 384
338 266 290 464 462 403 401
301 216 232 430 427 343 343
340 270 288 498 492 428 405
319 229 249 429 425 354 354
298 234 256 412 408 350 349
315 230 253 431 430 352 353
350 254 273 472 471 421 404
326 258 275 474 473 383 382
311 231 252 430 427 360 354
330 247 273 476 474 383 381
350 265 285 491 490 404 406
283 208 230 401 396 337 331
341 250 266 496 490 425 418
316 233 248 425 422 354 347
329 254 276 465 460 386 387
362 275 291 512 504 430 426
307 236 248 428 426 343 347
308 242 263 451 446 370 373
345 260 280 484 479 386 380
316 254 268 447 443 347 342
330 257 271 469 468 389 384
319 245 261 451 447 355 356
329 251 268 479 479 387 379
310 235 248 423 419 339 340
314 239 265 449 447 354 361
310 240 260 425 423 370 359
320 246 267 446 437 360 366
348 270 291 493 487 402 398
349 274 296 475 469 397 393
298 212 223 429 423 333 331
371 286 307 526 521 446 446
310 238 260 427 422 353 356
316 241 258 451 445 374 365
361 270 285 509 506 405 407
304 230 247 427 424 345 351
323 243 266 435 433 358 353
346 262 267 461 460 375 388
353 241 259 496 494 367 371
304 228 246 435 431 361 356
336 244 264 451 451 368 364
323 245 257 447 446 363 363
347 267 288 499 496 406 402
296 233 250 440 438 354 356
337 265 285 453 448 366 366
362 280 297 512 512 425 423
344 263 274 496 492 394 396
342 252 268 480 475 374 377
338 266 289 477 475 390 383
351 266 284 505 503 410 408
334 237 259 436 433 346 348
354 268 287 494 491 409 404
315 250 266 426 424 348 357
329 258 281 462 461 370 371
350 279 299 481 479 410 408
360 290 318 516 509 416 418
342 250 269 463 457 376 379
330 256 278 471 469 389 393
333 255 275 466 465 386 386
282 208 222 407 403 316 319
341 260 275 468 465 387 387
330 253 273 468 465 378 382
332 247 263 453 450 358 363
319 236 251 447 445 363 358
309 228 250 432 429 338 342
292 222 238 444 440 328 333
335 260 283 464 461 376 378
310 212 231 439 439 354 357
343 273 296 471 468 403 405
301 232 252 431 427 345 342
344 242 258 472 468 363 377
319 240 258 442 442 367 353
281 216 232 400 397 323 325
302 224 245 429 419 343 345
337 251 273 472 471 375 378
280 212 237 389 388 321 320
330 242 265 481 479 363 371
340 269 289 477 475 392 398
370 292 310 533 526 437 431
300 236 254 429 425 353 356
348 237 256 487 486 385 393
329 229 244 451 449 345 352
303 225 241 412 410 301 313
369 264 286 497 494 405 400
327 254 269 431 430 367 363
334 246 266 463 461 366 369
304 215 230 412 410 333 324
345 260 279 486 477 394 389
302 235 252 423 422 344 347
404 314 334 550 546 457 456
304 234 251 440 437 361 358
318 239 256 450 447 363 360
298 222 240 411 408 328 331
364 265 285 483 481 396 394
343 273 293 489 487 405 401
391 296 315 536 534 446 439
296 223 242 425 423 351 353
340 259 280 486 479 389 389
312 223 237 434 433 325 327
323 247 269 470 467 377 378
327 234 254 447 445 362 366
321 254 269 447 447 362 363
366 292 305 496 491 433 424
325 252 275 461 459 375 375
303 218 234 430 429 353 358
316 249 268 445 445 368 362
334 260 276 469 467 378 383
335 239 249 471 468 373 368
312 223 245 451 445 363 364
313 213 228 416 415 334 337
319 238 256 431 431 348 353
367 269 280 492 490 393 392
274 209 230 397 392 326 327
317 259 277 451 450 393 392
310 240 265 435 430 374 375
344 274 294 499 497 414 394
337 253 271 479 476 370 369
292 228 243 414 410 340 342
331 259 277 473 469 390 385
277 215 228 397 396 322 322
303 212 226 415 413 316 321
353 264 276 500 495 409 410
362 289 306 521 512 437 441
331 268 278 479 470 388 387
340 258 276 486 485 377 387
280 225 246 418 415 343 337
286 220 238 420 410 340 330
350 272 285 512 506 403 405
343 259 278 506 499 400 403
298 206 214 386 383 307 305
324 246 262 465 463 380 383
351 279 301 465 463 406 406
315 244 260 444 440 360 361
310 235 251 455 453 376 367
322 260 273 467 465 380 387
300 238 256 435 428 357 363
357 295 320 524 516 432 437
336 268 289 455 452 379 378
346 272 288 487 481 407 411
323 228 245 441 439 342 343
338 262 280 444 443 380 378
321 253 274 466 465 380 390
292 212 225 394 390 299 306
340 246 273 451 449 371 369
329 269 284 470 469 382 381
330 243 261 442 439 346 348
312 233 253 428 426 365 361
366 271 299 501 497 417 412
333 250 270 467 464 363 368
354 261 279 485 483 382 392
346 272 288 486 485 402 404
328 258 273 439 437 379 379
284 203 218 397 394 325 319
338 256 279 473 472 378 384
295 242 260 450 446 372 372
351 266 289 495 490 395 403
320 244 262 467 464 384 380
358 256 269 475 474 387 388
326 236 254 473 471 368 369
360 276 292 501 498 426 422
355 274 291 488 484 409 407
333 246 259 465 461 358 369
322 253 273 456 448 377 379
327 232 247 470 464 376 379
321 255 274 452 451 381 371
318 223 238 429 428 348 346
284 224 239 405 403 330 327
339 258 269 487 484 387 380
315 247 259 453 451 378 376
330 262 278 479 476 382 388
318 242 259 440 436 369 361
316 249 267 462 460 362 366
284 209 225 395 393 317 317
343 252 271 475 470 383 380
316 255 283 430 430 362 365
328 245 262 439 439 357 360
349 252 270 465 463 374 381
335 243 267 478 472 367 371
295 219 239 425 425 324 323
324 235 250 446 442 357 366
342 242 261 447 444 358 367
311 223 244 433 433 342 341
331 253 269 466 461 379 377
348 279 296 490 487 404 407
357 269 286 514 512 394 398
305 232 242 411 409 342 348
313 240 260 420 419 350 343
331 243 260 444 439 348 358
334 258 276 475 471 392 396
330 247 263 483 480 374 378
305 233 253 438 433 365 368
296 229 249 409 406 328 335
356 268 284 484 479 398 396
347 259 276 485 481 379 376
328 239 252 471 462 380 376
366 320 297 527 523 423 425
352 273 297 500 496 410 405
335 258 272 445 444 379 374
346 252 266 475 471 377 380
353 256 273 469 466 382 383
314 235 253 426 424 363 358
318 236 250 454 448 352 354
318 249 266 444 440 378 381
367 273 292 493 487 419 418
325 261 277 461 458 364 375
310 232 247 428 427 338 345
323 244 264 464 458 369 369
344 275 293 482 478 400 415
307 238 256 416 416 355 352
298 226 243 431 429 334 326
310 231 254 427 426 353 352
321 233 243 442 438 355 343
336 253 277 444 444 378 385
327 261 281 487 486 395 397
319 242 257 428 425 355 350
324 255 282 454 453 362 370
373 286 303 501 496 413 408
331 257 275 465 463 389 387
335 253 269 472 457 378 384
321 231 248 434 431 344 343
338 269 288 500 495 409 406
340 253 268 473 467 381 379
326 262 277 459 454 376 373
318 245 261 443 439 369 369
341 253 262 462 460 400 388
362 268 288 491 488 393 402
357 284 301 505 504 429 433
330 260 278 469 467 373 381
314 233 251 453 447 370 368
318 242 254 428 426 365 355
316 240 258 447 444 364 372
301 229 250 418 414 336 336
316 240 262 457 453 367 367
334 262 284 483 481 380 376
306 227 242 421 419 352 353
317 230 244 424 419 327 326
320 260 277 469 467 392 395
335 261 279 488 485 395 392
321 256 274 454 447 388 383
320 240 257 450 449 365 360
340 267 286 454 451 369 377
357 270 288 510 504 419 418
309 233 250 418 411 352 352
334 257 274 466 461 384 382
344 233 254 470 466 370 365
293 228 247 415 415 342 343
331 247 262 472 471 373 374
308 248 268 436 434 364 360
296 228 248 426 412 346 338
287 221 244 417 415 344 344
344 244 260 465 461 378 382
341 266 282 482 477 397 396
341 285 301 481 477 412 406
326 253 266 453 449 365 367
358 275 289 469 469 397 399
296 221 239 430 429 337 350
377 284 303 503 498 410 412
332 245 262 455 453 363 374
318 236 251 448 446 359 357
300 235 253 423 421 370 368
345 263 277 470 469 390 389
293 219 238 437 433 339 338
299 245 265 415 409 352 354
349 263 281 485 483 382 382
325 248 269 439 436 357 362
334 255 274 484 479 376 384
300 218 237 421 417 326 321
318 245 264 466 465 374 373
329 235 253 452 451 360 362
318 235 257 445 442 364 359
342 242 257 443 440 388 383
321 247 258 434 433 365 360
266 205 222 387 386 316 309
324 253 269 472 465 387 382
329 261 277 465 462 374 378
313 244 259 474 473 368 369
321 241 262 451 446 363 372
340 272 290 479 474 408 413
341 257 275 491 488 406 400
365 292 316 545 537 444 439
328 248 271 436 429 366 363
361 286 304 509 508 410 420
317 254 272 448 447 378 372
330 270 288 452 449 369 376
345 273 295 497 495 399 402
309 216 235 432 430 342 342
340 259 275 460 456 368 372
318 247 263 448 444 373 373
348 269 287 473 470 392 391
338 263 284 482 475 380 383
325 254 275 461 459 364 377
342 257 275 480 476 383 391
358 261 276 487 485 398 393
346 282 295 503 500 417 419
302 229 247 424 421 322 331
327 244 265 451 448 360 360
333 259 279 467 463 393 391
339 262 279 489 487 396 394
315 249 271 461 456 372 369
298 224 242 435 431 335 338
273 199 218 389 382 304 301
318 254 268 451 444 365 364
315 255 278 464 463 390 379
332 246 265 463 458 386 384
339 251 275 481 475 382 387
339 261 285 497 495 391 385
319 247 265 436 432 366 361
300 228 248 444 440 340 346
287 220 237 418 416 343 334
321 246 264 461 451 383 382
289 211 225 399 396 322 320
315 240 261 460 459 358 366
322 254 280 459 456 390 392
318 270 289 454 449 384 385
332 239 257 485 477 382 377
320 245 260 452 449 358 357
315 256 276 455 451 390 383
321 255 277 451 451 383 385
317 237 253 447 444 355 355
299 230 248 420 416 352 346
310 232 250 444 440 367 363
312 231 252 432 431 358 366
330 245 258 444 443 343 352
322 239 254 458 454 350 349
360 263 281 483 482 387 399
342 260 279 468 463 382 388
327 248 261 450 447 370 364
319 234 252 438 438 349 352
368 289 305 540 537 438 435
294 218 238 410 408 334 335
310 238 250 443 441 368 364
329 237 253 467 464 361 363
342 251 268 482 480 392 392
354 281 300 480 477 400 400
340 254 267 493 489 393 396
315 234 260 463 458 376 371
361 266 289 509 506 394 395
357 256 273 472 467 377 384
337 242 259 464 462 385 378
345 264 287 481 480 384 385
294 251 265 435 430 348 358
313 217 237 435 433 329 335
319 244 261 438 435 375 377
341 247 267 462 457 364 368
353 272 286 501 499 407 405
374 279 296 510 504 433 430
272 200 220 402 400 326 321
353 280 304 501 499 434 434
351 264 281 476 473 379 377
322 248 273 446 443 384 377
316 240 254 440 438 353 352
290 227 247 404 399 330 332
307 223 240 429 428 330 338
337 246 262 462 460 374 368
325 272 292 460 457 389 388
311 242 262 429 427 350 345
312 234 253 457 451 361 368
309 231 248 419 418 344 344
301 230 249 416 413 353 346
319 257 272 450 449 377 377
340 255 273 473 470 381 385
328 265 277 458 454 378 379
354 274 298 487 484 416 407
328 251 270 440 439 352 339
374 285 303 527 524 433 426
336 255 274 481 477 386 391
298 236 255 439 434 340 339
335 254 267 468 463 383 381
332 248 268 470 471 376 380
327 237 253 441 441 356 353
271 230 255 398 394 324 330
299 228 247 427 423 345 352
365 286 306 525 519 450 444
312 247 265 447 441 353 351
313 218 234 431 431 335 343
310 249 266 445 441 361 357
312 237 256 455 454 358 363
297 221 240 428 425 332 336
286 224 246 416 413 333 333
348 265 285 502 498 407 403
308 237 258 442 436 344 354
339 251 264 466 465 376 373
365 276 295 518 515 437 423
366 269 290 489 488 404 410
303 224 241 434 430 336 337
307 237 259 420 411 340 336
322 260 279 453 451 394 387
320 243 261 417 416 355 359
345 249 271 474 471 390 392
310 224 246 447 439 350 348
348 255 270 474 473 374 379
330 243 261 449 447 367 376
342 253 271 473 470 369 378
322 254 275 467 462 381 381
325 242 257 451 446 375 372
313 239 258 447 444 351 357
309 237 252 438 429 341 340
291 205 230 398 395 334 333
324 236 256 464 462 379 376
290 209 225 425 424 332 325
323 250 268 451 449 348 363
313 259 283 455 445 363 364
339 255 275 481 479 394 396
269 213 227 421 417 336 341
299 223 235 447 440 377 380
315 247 268 453 446 379 373
355 274 297 500 494 422 423
294 225 237 409 406 343 341
327 242 255 454 450 366 362
343 249 267 502 500 389 390
331 260 282 474 471 390 387
286 223 249 409 407 336 332
343 273 290 490 481 416 406
354 269 288 475 474 404 397
321 239 258 440 440 377 380
331 251 267 459 458 366 364
341 282 304 457 455 399 397
275 209 226 386 385 330 315
355 262 282 485 481 393 394
347 265 277 491 487 402 393
342 250 272 463 462 377 381
312 235 250 434 434 366 366
287 214 232 385 384 326 322
299 210 224 431 429 320 323
314 236 251 444 441 360 356
332 275 290 474 471 387 376
342 268 289 485 481 404 405
363 272 287 493 488 412 413
324 266 287 452 451 375 378
321 252 273 454 452 362 362
338 237 255 464 461 353 381
322 232 260 446 442 326 337
323 244 259 460 457 388 381
327 243 259 456 453 368 368
322 243 262 450 448 372 370
299 225 245 428 424 349 349
318 226 247 440 437 344 348
348 260 272 461 459 378 383
324 247 264 465 461 364 363
311 234 255 435 430 348 345
332 243 262 445 444 363 367
318 245 265 443 442 378 377
311 252 262 451 446 363 364
314 231 246 450 448 362 355
304 242 259 450 444 374 371
317 238 254 434 432 349 352
299 228 245 412 408 349 344
340 250 281 459 458 394 379
357 257 274 472 467 396 396
344 273 290 464 463 389 387
299 229 249 437 437 369 370
347 251 269 491 486 387 379
322 254 280 451 450 380 382
288 213 232 412 408 332 334
361 264 283 514 514 423 407
344 258 273 477 472 375 381
321 241 258 448 441 354 364
305 227 243 427 423 340 341
341 252 267 518 515 423 420
310 216 235 388 386 328 330
359 260 284 488 487 388 387
348 277 296 490 489 410 418
360 250 268 470 470 370 380
302 226 243 416 415 346 344
330 255 274 471 468 378 369
339 244 271 460 457 379 388
328 233 264 478 475 405 398
325 248 266 439 437 372 373
322 232 252 455 451 367 367
292 225 242 435 432 345 349
322 237 257 434 433 353 345
297 227 246 422 418 347 343
323 238 254 442 442 360 357
322 249 267 446 443 378 375
334 252 269 482 480 397 386
339 245 266 472 470 376 377
300 221 234 430 427 351 355
300 232 254 410 409 360 355
365 289 310 515 507 439 430
323 232 250 436 432 351 350
298 215 230 421 417 347 344
315 245 260 443 440 363 362
307 235 252 424 424 363 361
301 230 247 418 415 341 339
352 256 275 478 475 380 395
282 202 222 385 383 304 311
344 273 295 482 477 411 414
346 260 280 475 469 379 392
288 223 239 403 399 335 328
296 234 250 439 436 348 348
324 240 251 432 432 346 344
342 266 291 489 485 413 409
327 249 269 469 462 378 372
334 247 263 464 461 361 366
324 249 265 448 445 370 370
328 252 274 470 467 375 372
384 312 331 559 553 458 465
314 243 265 450 448 335 337
323 241 251 457 454 367 370
290 212 227 403 400 315 320
352 279 299 516 512 404 410
336 260 275 473 472 388 388
308 239 256 415 409 345 341
291 220 240 412 411 332 336
346 256 271 477 474 388 391
309 240 258 442 437 372 361
318 238 259 445 439 372 372
312 242 258 449 444 378 385
336 246 261 450 445 348 359
344 243 267 486 483 367 372
336 244 264 465 461 368 372
336 257 274 470 462 384 384
328 253 267 458 455 380 386
361 271 294 492 490 407 403
357 285 294 503 500 432 424
319 236 253 463 460 355 348
285 214 231 412 411 310 321
323 236 252 458 457 366 374
366 280 295 522 514 426 418
331 240 256 456 453 342 355
347 249 258 491 483 418 418
338 242 259 458 455 358 360
322 261 283 434 429 349 360
313 252 271 461 459 382 385
320 240 260 449 447 357 348
315 245 263 437 431 364 368
362 263 281 501 501 405 395
323 235 260 457 452 356 356
353 279 305 519 514 438 430
337 262 279 482 477 387 384
333 265 291 441 439 368 369
367 261 280 491 489 390 386
340 244 266 465 463 381 378
357 280 300 501 492 404 403
318 247 262 475 472 370 367
288 232 253 438 437 360 352
297 227 242 415 412 352 346
321 237 259 441 440 355 364
359 267 287 508 499 407 409
378 294 308 504 500 435 434
335 267 283 473 467 390 387
296 215 231 398 398 326 331
316 255 277 470 464 383 378
312 240 260 437 433 357 360
330 252 263 470 469 380 374
356 296 308 520 514 433 435
321 247 264 454 452 364 363
314 227 242 439 437 339 336
308 241 258 428 422 339 340
303 226 248 421 420 337 340
295 230 248 407 404 328 331
369 281 295 528 519 432 427
317 237 251 441 440 362 363
330 257 278 475 473 382 387
327 268 286 478 471 404 386
315 240 259 434 432 350 352
306 244 266 440 439 359 363
304 229 246 431 426 355 343
274 211 232 387 383 316 306
304 226 249 442 437 351 353
330 226 249 465 463 372 365
361 276 298 499 498 397 400
342 267 285 473 472 389 382
335 267 288 491 486 424 420
297 205 223 412 410 336 338
361 267 287 494 487 396 405
313 244 257 432 431 360 366
278 207 222 396 393 326 321
342 252 275 470 468 387 389
341 254 274 474 469 390 393
308 222 235 443 435 359 360
321 238 258 432 430 345 345
339 259 282 493 486 392 396
350 266 289 511 506 407 399
354 261 284 480 474 397 395
341 275 302 474 473 420 413
322 227 251 429 427 353 361
328 257 274 439 436 370 370
320 242 260 442 439 347 347
314 235 257 445 443 372 375
281 211 226 395 393 326 335
328 243 257 449 449 360 366
320 231 253 415 413 331 338
315 242 257 453 452 362 357
379 288 311 538 530 438 441
324 265 285 461 458 372 380
358 253 273 508 505 406 405
334 247 268 477 475 373 369
309 231 248 416 412 335 336
357 281 299 498 490 421 421
319 262 282 455 450 378 376
320 238 256 459 455 355 347
307 216 231 394 393 318 319
359 260 275 498 491 373 380
307 336 250 471 468 367 369
348 257 273 451 449 389 374
321 239 261 449 443 355 352
352 283 302 498 494 401 406
343 263 279 486 484 414 412
308 244 256 449 445 378 375
312 230 247 440 440 347 347
327 248 269 465 457 366 377
291 228 246 418 415 347 343
304 235 257 441 439 353 357
357 274 291 505 500 399 399
323 247 262 460 458 385 384
337 252 264 488 480 386 391
384 296 317 546 541 449 444
340 245 271 484 481 372 378
305 221 243 438 435 338 350
331 248 267 452 446 364 374
334 249 270 468 464 379 384
290 216 236 404 399 324 322
339 250 272 470 468 381 384
324 236 261 468 465 374 371
338 244 261 463 462 355 367
341 280 297 491 489 410 405
386 308 334 549 544 431 429
324 229 246 439 435 339 344
310 234 249 446 443 346 355
330 272 290 478 478 402 399
343 264 280 465 461 374 369
343 260 281 481 478 389 385
330 243 260 463 461 365 360
331 244 261 472 468 371 378
324 237 255 426 425 340 351
331 236 253 443 444 359 352
300 223 241 409 405 355 353
303 225 241 422 422 344 335
303 230 240 445 443 360 351
320 269 292 452 448 381 370
328 254 272 469 466 383 387
367 279 301 511 506 416 417
323 240 258 434 434 366 362
292 240 262 426 426 353 352
314 240 256 457 451 353 354
346 274 296 490 482 384 387
337 246 266 437 436 352 358
352 270 289 492 491 413 413
271 205 214 390 386 312 301
305 225 239 448 444 348 342
321 250 266 438 435 370 369
340 254 272 460 459 378 385
342 255 274 482 478 378 387
340 261 283 487 483 388 383
327 263 276 476 475 385 389
317 247 267 444 441 362 369
329 250 274 450 448 376 375
289 224 235 437 435 357 355
330 264 281 454 451 380 382
337 267 291 491 485 404 400
346 259 281 485 482 391 397
339 270 290 484 478 391 391
337 261 283 471 467 401 400
292 228 254 402 402 336 332
344 267 281 484 484 399 407
305 228 239 423 422 350 356
330 259 271 459 459 380 377
334 245 263 459 458 372 369
315 245 265 448 446 368 364
314 241 260 426 424 341 350
336 265 279 475 472 375 380
333 256 282 463 459 372 378
358 267 282 520 516 404 399
338 258 284 468 467 389 388
283 208 224 407 405 312 315
287 223 242 422 420 328 328
345 263 282 481 480 400 393
307 239 254 450 440 366 363
337 277 296 470 468 422 411
345 260 279 483 483 391 396
314 233 253 431 428 326 342
379 280 298 523 521 435 437
317 242 264 449 443 364 363
335 246 266 456 455 386 385
328 260 281 475 471 379 392
289 220 239 437 434 341 339
340 258 279 474 472 376 382
309 230 248 433 432 341 352
297 232 246 430 439 342 338
337 248 266 471 471 370 383
306 229 244 450 447 351 352
295 217 239 418 417 312 320
307 247 267 444 442 367 367
314 254 270 476 475 382 377
309 228 248 436 436 339 342
297 214 224 415 410 323 319
344 244 266 491 486 374 383
328 241 259 452 450 347 351
341 263 283 487 487 397 397
345 244 268 473 470 375 383
333 239 254 448 446 364 366
324 244 263 468 464 364 371
317 236 253 458 452 381 376
301 221 239 408 404 337 335
334 256 278 458 457 385 389
341 244 260 468 464 374 379
322 240 259 432 431 352 354
330 245 263 458 457 372 378
339 254 271 476 473 391 389
305 226 246 402 401 327 339
328 259 273 447 445 372 370
328 233 247 467 464 346 346
330 268 286 477 473 391 394
291 205 225 404 403 314 317
327 253 277 464 458 393 385
331 239 262 445 444 364 372
315 238 248 483 480 380 371
327 240 254 464 461 355 355
350 253 266 462 458 374 379
322 246 266 431 431 358 357
331 257 275 486 483 396 394
346 266 287 491 488 395 404
332 251 270 465 464 365 373
313 243 266 454 446 365 368
331 262 276 468 464 370 370
352 280 288 483 479 387 397
343 259 279 462 461 378 377
367 283 303 513 513 423 423
306 236 254 452 443 363 364
341 257 279 463 463 376 375
351 281 303 479 479 418 422
307 250 264 459 456 387 383
355 258 278 479 472 375 379
327 252 269 451 445 371 366
367 272 288 506 502 403 411
327 223 236 466 463 337 351
348 288 306 493 486 411 425
300 222 236 436 435 343 339
363 267 284 503 499 429 421
291 214 234 385 379 313 310
313 240 259 461 457 372 372
341 252 272 476 472 385 389
297 240 258 426 423 339 350
303 220 236 414 413 336 332
324 245 266 455 452 376 378
317 231 247 445 442 350 353
307 236 253 450 441 359 358
322 270 294 468 463 395 401
346 273 288 487 484 400 401
331 258 281 453 453 375 364
289 211 228 393 390 316 322
295 226 243 397 394 325 326
308 245 259 449 438 366 363
324 252 270 460 456 365 368
347 261 276 492 492 391 400
316 243 263 441 439 366 359
329 233 252 459 456 353 352
313 245 261 447 444 372 369
309 233 255 423 419 355 354
337 243 261 455 454 374 368
295 224 238 440 440 341 341
347 276 291 508 504 424 415
329 262 284 466 463 383 383
333 261 276 475 474 391 397
324 267 288 475 471 397 397
313 240 254 450 447 374 374
314 247 265 465 464 376 376
335 268 289 470 466 401 393
323 227 248 432 427 351 349
281 211 230 389 383 322 318
332 246 265 475 470 373 379
362 294 317 547 541 435 436
313 230 240 425 421 330 334
292 235 254 442 435 352 354
316 253 268 442 441 364 361
360 270 288 495 493 394 402
314 231 245 436 435 360 360
320 247 269 452 450 382 379
326 258 278 475 468 386 385
296 229 252 434 420 359 359
316 237 257 459 455 363 360
322 239 251 439 437 344 330
303 250 265 424 423 362 368
314 254 274 444 441 355 355
324 246 269 471 470 382 381
320 248 263 448 447 357 362
311 219 237 430 424 349 346
357 258 273 482 479 382 381
353 260 283 474 473 385 394
348 265 287 492 483 408 408
333 239 264 478 478 389 383
340 267 283 473 472 378 390
341 248 271 473 473 369 370
291 216 236 410 405 337 338
327 232 254 451 450 352 364
324 251 271 448 446 362 363
376 293 309 537 532 450 449
295 219 239 397 393 336 334
315 236 242 451 449 348 354
314 236 255 434 434 348 343
308 231 249 428 426 349 342
329 252 272 444 440 388 377
328 248 268 482 476 405 405
324 242 257 469 463 366 365
296 238 253 437 432 365 355
318 253 273 457 453 380 370
340 254 281 458 457 376 380
367 292 304 464 460 382 387
355 254 274 503 501 439 422
357 254 268 489 486 413 400
338 258 275 474 470 392 381
343 250 274 465 464 403 391
351 273 293 498 493 412 394
328 243 265 463 459 389 377
329 231 255 477 474 372 361
341 253 269 465 461 410 394
357 265 286 496 495 417 397
322 245 268 463 456 392 374
350 242 257 476 474 383 362
343 256 276 491 485 407 386
313 221 244 439 435 365 348
337 245 260 489 483 392 378
329 245 272 436 435 380 370
318 231 251 441 436 361 348
310 229 250 419 417 370 353
340 258 273 480 478 404 385
322 254 268 456 452 381 363
348 267 288 480 474 420 403
335 253 276 462 457 389 371
323 239 249 456 453 374 357
317 241 260 453 449 389 369
342 261 279 475 471 397 385
330 240 257 448 446 381 357
317 253 271 454 447 399 383
348 237 253 468 463 385 372
352 269 289 507 506 431 413
357 269 285 489 486 413 390
321 247 266 450 447 383 368
332 255 267 462 461 385 372
354 261 280 478 476 393 380
326 248 263 472 468 380 368
357 264 282 489 482 417 405
327 246 265 479 476 411 389
327 260 278 485 483 408 395
312 229 247 443 440 366 348
347 253 278 476 472 380 372
344 258 278 478 473 412 392
346 256 275 488 484 417 401
313 249 267 467 465 396 382
329 249 274 477 472 391 374
303 238 251 426 421 349 338
341 271 292 472 471 435 424
316 231 253 434 432 363 344
330 241 262 458 456 382 367
325 249 272 477 472 396 376
344 263 283 477 475 416 395
330 262 277 484 480 424 403
325 252 274 466 462 400 385
345 256 273 471 470 407 389
313 241 258 442 439 374 362
347 257 275 491 489 424 406
335 252 276 474 472 395 376
343 254 273 498 493 413 395
363 269 285 502 498 433 416
311 237 261 455 448 376 363
335 248 265 466 462 375 361
349 253 273 496 493 411 393
334 240 258 465 462 404 392
337 262 281 470 467 409 396
315 237 258 448 445 376 361
327 242 257 456 454 378 364
314 239 261 447 445 386 371
320 249 264 467 466 396 372
345 270 281 491 487 409 398
322 240 252 447 446 378 362
326 245 268 480 476 382 364
340 257 278 477 475 401 385
331 243 262 480 476 403 385
344 255 276 487 484 404 385
339 258 276 482 480 409 382
351 263 287 490 487 406 395
350 254 279 465 459 411 392
310 240 261 445 440 380 363
343 250 264 464 462 391 378
329 245 265 464 459 390 379
341 245 265 471 467 385 373
299 219 242 444 440 362 343
347 252 271 468 463 402 380
316 251 267 448 445 375 359
343 247 262 513 508 425 415
354 263 284 496 492 421 401
324 241 263 439 434 384 369
320 252 275 448 444 389 370
339 256 278 489 486 420 396
339 254 271 486 482 392 367
309 230 254 429 426 365 353
325 237 254 445 444 384 365
325 229 248 439 435 360 342
329 240 255 471 466 378 367
331 246 267 472 469 390 379
358 260 280 513 510 415 390
341 276 291 522 521 429 413
335 245 257 482 479 393 377
336 250 268 468 467 394 380
324 232 251 439 436 368 356
343 257 277 476 474 415 394
361 266 288 495 492 419 408
347 254 269 473 469 410 385
349 265 286 500 494 416 397
330 248 268 456 450 397 382
327 240 260 457 454 396 372
358 264 280 488 485 429 411
331 240 263 458 456 382 365
351 273 296 501 498 423 404
357 264 279 494 493 424 405
337 249 265 468 464 393 375
343 250 271 495 492 390 382
347 254 270 492 486 408 382
331 248 271 480 478 404 385
332 254 264 449 445 394 370
339 246 266 471 470 400 384
330 245 263 464 463 388 377
327 242 254 453 448 383 368
324 238 258 456 453 393 371
340 256 273 496 494 415 393
340 254 282 490 488 413 402
358 270 288 478 475 426 411
333 255 273 484 480 413 383
372 270 283 505 500 440 404
316 234 254 445 441 368 352
339 269 289 486 482 425 405
344 252 270 487 483 410 398
332 257 272 476 473 406 383
327 243 262 478 474 394 381
328 248 271 459 455 407 386
306 222 238 449 446 378 365
323 228 242 431 427 362 347
356 257 274 486 484 415 398
339 255 278 456 453 401 389
329 247 264 483 480 387 367
303 231 251 422 418 350 333
347 271 291 486 479 425 400
361 273 293 511 506 425 407
337 258 277 491 488 417 405
327 244 262 450 449 391 374
363 266 282 527 527 422 404
328 250 266 480 479 411 395
346 270 289 490 487 431 420
349 264 279 487 484 428 404
323 239 263 481 477 398 382
331 246 259 434 431 367 361
332 259 281 483 481 412 394
322 248 265 481 478 396 380
329 258 274 467 465 394 384
337 238 256 469 465 385 365
305 217 233 411 409 347 333
318 240 263 460 456 384 363
346 262 278 494 490 410 398
335 253 272 448 447 393 382
366 275 293 507 502 429 409
298 227 250 413 411 352 338
361 273 288 496 494 434 414
330 244 264 453 449 377 358
313 233 253 411 405 361 345
334 241 259 467 463 381 362
324 254 265 454 451 376 359
363 267 287 515 509 441 429
342 252 267 496 494 416 396
334 250 265 470 469 391 377
339 234 249 484 480 391 372
359 265 279 510 506 453 427
349 250 275 486 483 407 385
312 225 247 435 432 368 359
370 273 296 534 531 445 429
340 246 258 467 458 394 374
327 249 267 444 438 380 360
315 266 279 471 469 403 386
346 263 277 468 465 397 378
327 250 266 446 446 376 360
368 280 296 527 519 437 420
332 236 261 469 465 415 402
352 264 280 499 495 425 407
332 246 263 481 476 412 390
364 260 279 515 513 427 407
342 256 271 475 471 408 387
330 246 265 480 478 409 395
338 265 282 485 482 410 391
336 265 281 482 477 405 385
339 259 277 469 467 395 386
325 254 272 475 472 403 381
323 244 260 411 410 364 350
335 245 268 475 469 398 388
329 257 278 462 459 405 385
354 266 283 476 471 403 384
335 247 259 461 460 395 377
337 235 257 489 486 387 371
329 241 265 470 467 402 391
316 245 267 479 475 410 393
311 231 248 440 438 365 351
342 258 271 500 495 406 395
333 242 261 454 449 376 359
342 258 277 472 468 412 393
308 231 246 440 436 369 357
323 256 266 488 485 403 383
354 272 289 510 507 452 430
317 265 290 443 440 406 392
325 251 263 463 460 396 376
324 246 261 463 460 389 372
342 258 279 505 501 409 391
317 231 244 439 437 369 356
351 255 271 494 489 425 410
343 259 274 469 468 406 391
319 245 263 456 453 394 381
327 243 267 450 444 404 381
356 276 291 486 480 406 395
321 241 261 461 455 390 371
335 247 266 487 483 389 376
337 243 264 466 461 384 365
340 248 270 472 468 400 382
328 246 269 471 467 399 379
362 273 292 508 506 427 406
341 249 273 457 452 395 373
344 259 276 478 475 414 396
341 253 269 457 453 390 374
341 262 279 463 460 394 382
338 249 267 465 462 390 377
347 249 267 484 483 402 388
343 260 280 496 490 416 392
331 241 260 479 478 408 392
325 235 254 455 453 388 367
362 266 285 514 506 428 412
322 237 257 439 436 371 368
317 242 258 444 441 376 359
343 255 266 498 495 424 394
345 257 272 495 492 396 385
325 239 261 448 447 393 387
364 259 275 501 497 406 386
327 232 249 429 428 359 346
343 256 278 489 488 399 382
314 242 258 452 451 391 369
343 263 286 488 484 402 387
347 259 278 488 487 405 391
309 239 258 439 435 367 354
316 234 251 443 439 379 362
350 254 274 497 492 404 391
313 234 258 435 432 372 363
326 245 263 464 463 365 357
331 243 255 448 446 385 369
348 266 291 509 506 421 406
339 252 273 500 494 426 417
358 269 288 497 492 415 404
323 247 265 478 475 388 373
357 260 277 491 490 411 401
329 247 267 452 451 395 379
335 258 258 455 453 381 369
334 262 277 461 459 418 397
323 236 257 447 443 368 351
339 245 260 474 469 409 391
321 229 248 451 448 366 348
330 247 265 455 454 402 391
342 265 282 479 477 417 397
325 249 265 468 466 389 370
363 263 287 486 484 424 410
366 280 303 510 509 437 424
335 248 267 484 483 413 394
320 244 262 453 451 369 353
332 245 263 462 460 401 376
345 263 289 490 488 421 407
326 252 267 460 457 376 362
348 266 280 503 501 432 415
306 243 257 443 438 381 366
345 268 288 497 492 407 396
326 245 260 464 460 397 382
379 272 286 515 514 445 426
340 256 273 478 476 391 377
310 231 250 450 445 367 351
342 256 271 491 489 420 402
336 244 268 455 450 377 372
354 272 290 511 507 434 416
342 256 270 469 467 387 372
322 243 257 442 440 390 374
331 248 262 478 474 387 373
332 243 266 461 457 396 377
327 239 257 450 448 385 368
312 232 250 421 418 361 349
324 246 265 473 471 397 372
304 229 252 422 421 354 337
327 239 249 431 429 374 355
324 240 259 473 468 386 373
369 285 306 509 507 451 434
350 263 283 504 501 434 408
322 242 262 465 462 381 371
324 245 271 453 449 374 367
329 250 266 482 480 402 374
355 265 281 500 496 406 392
355 274 290 476 474 412 397
332 252 273 473 471 376 365
323 241 259 454 451 361 344
330 244 263 461 458 395 375
307 270 290 502 500 422 398
360 262 276 481 478 409 388
372 275 294 490 487 450 424
365 271 286 534 532 443 426
322 239 252 446 443 389 371
367 266 284 508 501 427 403
330 235 255 449 448 370 344
315 230 247 449 447 369 345
306 232 245 454 451 383 356
335 242 257 501 498 412 395
331 239 257 480 475 397 386
320 233 255 449 446 370 355
341 244 263 464 459 399 388
344 261 279 471 469 392 368
350 265 260 500 495 425 407
342 241 260 470 466 377 360
330 241 258 468 466 374 359
324 257 281 469 465 398 379
328 247 268 465 462 390 378
310 236 257 435 429 370 361
320 233 254 464 461 376 363
342 254 269 474 469 406 390
326 248 265 488 486 408 391
334 257 273 479 477 401 383
366 274 294 523 518 435 428
336 249 269 474 472 405 379
315 242 260 449 445 381 355
341 260 280 476 472 404 389
337 251 268 473 467 405 394
344 256 276 509 503 420 402
323 248 271 458 456 388 374
340 265 288 481 476 410 399
325 242 257 462 460 390 371
326 239 258 451 447 370 364
314 225 245 433 433 358 349
358 260 269 497 493 412 395
321 253 278 474 471 420 398
365 264 286 521 518 452 423
320 236 251 491 488 391 367
340 248 273 489 486 397 383
348 258 280 494 490 404 390
315 231 249 457 454 356 342
332 243 261 476 472 396 376
344 262 287 489 486 414 393
341 251 272 474 471 385 375
330 245 263 460 458 382 359
347 260 278 481 480 419 405
365 270 286 482 477 444 423
304 216 231 442 439 365 353
305 233 250 449 447 395 371
344 248 262 469 466 402 384
372 277 300 514 510 448 432
316 244 262 452 448 386 368
343 262 273 489 484 413 394
339 260 278 495 487 420 397
361 270 282 500 498 416 396
347 259 280 503 499 427 412
310 233 252 440 436 366 351
374 275 289 498 496 442 423
303 216 235 446 445 353 344
337 252 270 481 478 399 382
332 249 277 453 451 400 388
352 268 288 525 522 432 418
338 244 265 492 489 403 385
326 241 256 463 457 394 372
343 262 285 496 491 430 404
366 283 301 524 522 453 436
333 248 272 488 483 394 381
352 264 282 489 487 418 403
308 234 252 442 439 366 345
306 245 259 428 425 374 356
329 253 271 477 475 402 383
322 238 259 443 440 377 361
340 251 272 483 478 414 414
330 248 269 450 448 377 363
331 239 257 481 477 396 379
343 259 277 486 484 412 403
359 264 286 516 514 445 435
350 270 289 507 503 414 396
335 238 254 473 469 385 370
328 256 275 489 487 408 390
339 255 273 472 470 400 383
320 234 256 450 446 364 343
335 254 269 455 451 393 373
357 254 274 497 495 411 394
334 245 260 489 484 405 388
347 251 271 498 492 417 400
355 269 289 476 474 423 407
339 257 271 480 478 398 379
340 255 272 484 483 396 381
323 236 252 462 459 377 366
332 249 265 461 457 382 364
337 239 255 445 441 381 367
356 270 288 528 525 454 436
314 230 250 431 428 367 353
363 275 298 503 500 448 411
329 250 269 452 451 400 393
333 241 259 465 462 400 380
304 227 242 434 433 374 353
321 234 250 464 462 376 352
320 235 253 469 466 390 375
326 251 273 453 450 402 383
361 263 280 490 488 435 413
334 265 287 503 500 442 417
362 268 283 521 516 430 410
353 261 278 486 481 401 386
330 241 258 470 465 388 373
352 253 273 486 477 396 393
340 239 257 480 478 388 379
341 247 268 451 446 375 362
324 238 259 462 457 384 373
352 272 287 516 513 452 429
321 246 270 455 450 384 365
356 274 294 491 489 421 408
338 254 274 486 482 405 396
340 250 272 485 483 417 400
337 251 268 476 471 423 405
341 246 267 470 469 391 378
346 251 268 492 490 415 399
330 253 274 460 459 408 393
312 244 259 446 443 382 370
344 265 277 511 506 421 392
339 251 269 484 482 413 397
344 254 270 491 485 396 382
329 243 261 487 484 402 382
362 273 292 510 506 422 422
349 273 289 475 472 416 392
300 226 248 443 437 348 331
345 260 280 489 484 415 403
322 245 268 448 445 377 359
317 242 262 460 456 379 370
327 254 274 462 458 399 386
330 256 276 467 461 385 372
301 237 254 437 431 375 353
334 250 269 494 488 424 401
338 260 282 496 494 422 410
322 242 263 461 458 383 363
330 256 278 483 480 397 374
325 238 257 461 459 381 370
319 240 258 467 464 376 363
340 263 275 466 461 392 376
349 253 274 501 494 410 398
349 256 279 479 474 399 386
344 254 275 500 496 404 393
318 229 250 427 425 369 354
331 239 256 456 452 372 362
324 238 254 447 445 381 366
355 264 281 501 498 412 392
350 259 277 494 490 404 388
315 246 263 459 455 386 377
358 265 278 504 502 413 395
335 252 269 466 461 403 388
315 233 259 443 439 367 351
330 255 274 473 471 395 380
325 252 270 467 462 389 365
315 232 255 432 431 365 351
329 231 250 459 457 388 369
346 246 262 496 494 410 390
318 248 268 431 429 371 358
339 240 259 494 494 395 376
328 247 264 454 456 386 373
320 233 252 444 442 371 360
325 250 271 460 455 386 371
362 266 280 494 489 411 399
334 250 271 483 476 406 386
373 270 287 521 517 438 417
338 263 282 467 462 399 383
357 258 275 482 480 424 402
349 265 282 474 472 399 375
301 236 261 436 432 365 353
364 274 293 506 503 434 418
339 269 289 485 481 421 401
335 250 266 470 467 407 390
355 278 301 501 499 423 413
336 247 265 484 480 388 369
333 249 270 463 460 376 361
344 254 281 492 487 419 405
343 280 301 497 494 455 434
346 266 286 507 502 426 408
353 259 281 505 502 428 403
360 272 300 507 505 440 420
342 268 286 503 496 445 430
328 260 278 474 470 415 387
343 274 296 512 503 449 420
328 243 261 449 445 382 363
364 275 293 485 482 446 409
335 253 277 474 473 394 386
335 265 280 460 459 394 370
340 256 273 490 488 421 401
342 260 285 486 482 416 397
336 275 300 483 476 431 408
350 271 293 507 502 442 422
344 286 305 492 488 438 415
346 274 287 486 482 439 415
336 272 288 473 470 423 400
308 248 268 455 451 381 356
333 268 294 509 505 447 423
348 261 278 495 492 415 401
355 284 298 517 515 455 425
341 261 279 476 470 394 366
343 273 295 485 478 454 431
328 258 275 463 460 389 369
308 246 266 449 445 390 359
347 250 263 481 480 416 391
335 261 276 451 447 399 376
341 279 300 483 478 435 411
341 277 297 453 450 434 416
334 259 284 453 450 386 364
289 216 231 435 433 349 334
337 255 278 472 469 410 391
319 238 260 456 452 384 356
332 251 271 484 481 423 383
343 272 290 508 505 441 427
333 256 276 496 494 424 400
323 245 267 451 447 390 370
348 275 292 496 493 434 413
362 274 290 513 509 416 392
316 232 250 436 433 377 364
336 266 286 517 513 434 411
354 272 295 497 496 427 412
338 276 288 489 485 433 412
338 260 284 465 461 403 381
364 291 312 518 513 463 439
324 246 263 450 446 385 361
328 276 297 490 485 422 401
339 260 271 494 491 424 400
355 269 286 507 502 434 408
343 273 297 483 482 424 407
337 269 288 478 473 431 393
329 261 282 489 487 422 394
325 242 260 463 460 393 375
341 261 281 483 482 415 385
337 258 283 505 499 442 425
366 289 308 530 526 462 431
334 252 285 486 482 420 401
319 246 261 456 455 393 368
310 254 275 439 435 391 367
340 257 280 484 480 415 392
357 271 287 494 491 425 414
334 252 269 485 478 421 398
343 260 278 477 472 402 378
329 250 274 471 468 396 378
339 254 271 477 472 390 379
319 243 257 454 450 383 361
316 231 248 444 441 390 367
334 260 280 482 479 405 380
352 267 284 500 497 414 411
304 233 246 431 427 355 341
353 259 278 504 501 416 399
322 244 259 467 464 386 381
328 250 270 456 453 387 373
355 275 292 504 499 434 419
340 263 276 485 480 402 387
316 236 252 442 440 373 355
325 246 258 462 460 401 377
337 258 276 480 477 397 378
352 266 284 505 497 434 410
345 268 283 469 465 434 417
341 264 282 466 463 414 386
309 231 250 444 441 376 356
338 271 290 481 478 411 393
337 267 289 497 490 442 414
349 278 291 493 491 452 413
338 253 274 469 466 385 366
337 271 290 499 496 453 424
322 252 269 450 447 400 379
327 243 257 452 451 377 367
328 243 259 465 460 395 371
331 255 275 481 476 401 379
335 257 277 485 480 422 414
301 227 244 418 418 354 331
340 263 280 514 511 428 407
307 242 261 417 413 355 341
316 236 253 465 461 389 380
346 253 270 484 480 396 370
327 246 263 448 443 392 375
342 244 264 470 470 400 380
303 240 260 431 427 364 348
330 253 271 449 447 387 368
346 261 279 506 504 426 408
358 269 289 479 475 402 393
329 251 274 450 448 385 375
329 226 248 458 455 384 365
311 245 267 418 417 360 343
322 238 261 465 463 399 374
330 234 253 456 454 381 362
315 247 269 449 446 381 362
310 233 251 432 430 360 342
325 242 258 458 456 377 361
329 232 258 452 447 388 373
357 268 285 502 499 423 410
353 262 284 507 506 441 424
323 247 267 452 448 381 371
328 237 255 442 437 381 366
334 250 271 469 466 400 385
333 246 264 475 471 392 373
351 263 282 494 489 400 385
334 249 270 466 461 386 364
335 251 270 476 472 399 382
359 267 283 505 495 429 412
352 252 265 495 489 404 382
348 257 277 517 513 420 406
338 240 261 468 463 383 367
327 259 283 443 441 396 384
339 264 284 478 475 424 406
321 249 273 467 463 393 378
326 241 264 462 458 381 363
337 249 274 471 465 392 384
347 257 279 475 470 407 382
368 269 285 523 520 439 428
353 270 287 505 500 437 428
355 255 272 476 471 410 391
357 265 284 500 498 433 418
329 236 263 468 463 388 373
353 258 273 492 486 390 368
332 263 279 479 476 400 378
350 255 273 501 496 411 389
337 243 262 456 451 380 362
347 260 281 492 485 410 398
317 235 257 451 455 378 361
343 256 267 493 491 404 392
313 227 253 416 413 355 342
328 237 256 461 457 381 371
336 252 270 489 487 398 380
293 230 245 419 418 351 338
313 229 252 454 452 370 357
355 276 298 486 485 433 420
323 233 252 480 476 387 370
346 252 269 497 496 407 391
334 247 268 439 438 388 370
367 262 281 506 502 415 403
331 238 253 471 469 383 366
348 270 287 496 495 417 397
344 251 270 488 484 411 391
311 222 241 425 424 357 342
340 256 274 479 477 395 381
309 238 258 438 435 366 352
328 235 253 443 441 366 351
325 250 267 449 448 380 360
357 257 281 515 511 430 411
320 251 262 470 466 389 381
352 260 279 474 471 412 389
347 264 284 503 499 412 391
311 235 254 425 424 366 351
323 238 260 469 468 387 374
354 258 274 523 516 413 401
361 256 271 479 478 408 393
363 269 286 503 499 427 407
361 263 279 485 482 408 392
325 233 250 447 444 362 346
352 254 272 488 485 420 404
325 247 271 437 435 382 362
323 261 279 455 453 398 385
344 264 282 488 485 409 392
323 237 256 451 448 371 356
336 250 275 470 465 400 383
297 224 242 418 415 343 337
298 243 265 440 437 393 374
336 257 275 482 480 396 376
344 254 271 468 467 404 394
329 235 260 459 458 370 359
351 265 280 511 507 439 411
361 268 284 508 502 429 412
363 273 296 506 502 438 417
337 248 269 484 483 398 376
332 241 258 449 446 385 371
310 229 247 441 436 373 361
374 280 296 520 519 428 414
349 259 279 509 505 422 401
316 241 258 462 458 387 367
346 256 273 482 478 411 393
344 258 274 493 489 407 391
337 249 268 483 480 405 382
318 239 260 428 427 371 358
343 264 277 515 511 410 389
332 248 263 454 451 385 366
335 246 267 472 464 400 385
359 267 283 481 473 418 394
329 239 259 466 461 385 377
321 241 262 447 443 373 360
339 262 284 483 480 407 391
337 260 273 475 470 410 388
323 250 271 477 473 416 400
315 223 236 425 423 353 342
352 258 275 507 504 404 391
340 253 269 478 475 403 383
343 259 277 469 466 420 402
332 251 268 484 481 407 396
355 265 284 484 475 417 401
337 237 260 461 459 383 367
337 267 288 509 507 425 411
341 262 277 478 473 406 392
345 271 286 498 496 420 397
330 243 261 480 477 393 379
346 251 274 465 464 415 394
334 244 256 465 460 389 365
340 271 290 490 486 417 400
342 258 279 475 472 402 387
349 250 269 468 463 385 370
318 243 264 456 454 381 367
348 263 281 501 498 417 404
368 266 288 503 501 425 405
349 265 285 467 465 418 407
314 237 259 434 430 368 355
381 285 300 518 514 453 435
345 252 270 479 475 383 369
346 248 275 496 492 416 386
334 247 264 475 470 398 381
343 246 260 470 468 403 377
367 260 278 497 490 414 397
331 245 265 463 461 392 378
340 247 268 475 472 395 383
337 255 275 475 468 391 389
344 249 266 470 468 388 368
322 250 268 440 435 386 369
348 254 270 493 490 418 394
320 243 264 470 468 396 373
320 238 253 455 453 388 374
310 236 257 453 451 404 379
348 270 293 512 510 426 407
335 245 265 458 458 387 373
344 243 260 481 479 388 375
337 243 264 499 496 404 387
358 266 281 467 465 398 387
356 262 283 496 491 404 395
317 224 245 433 430 358 333
323 241 263 465 463 394 376
323 245 259 463 459 389 371
334 245 267 465 461 401 380
354 263 283 491 486 418 404
338 245 266 470 463 402 375
321 229 248 441 440 356 341
365 278 292 502 496 426 411
335 264 283 507 504 431 407
337 253 269 493 490 418 394
354 271 290 516 513 436 414
332 241 255 492 488 405 389
320 242 260 438 435 378 360
347 273 288 481 478 420 398
340 262 282 480 479 427 408
343 255 281 498 494 418 402
333 246 262 458 456 396 379
320 234 254 459 457 388 374
349 254 264 514 508 436 411
341 252 270 479 474 407 384
317 240 261 461 459 378 364
327 246 264 457 454 382 357
381 271 293 510 507 445 429
357 263 281 502 500 420 400
344 257 275 491 487 410 392
353 260 280 484 479 412 400
331 252 274 463 456 378 365
326 247 266 459 455 388 372
325 244 264 450 449 392 372
313 242 260 454 451 387 370
339 236 257 463 458 385 363
305 234 254 426 421 362 345
317 239 259 475 473 376 357
342 261 280 494 489 409 392
326 245 256 456 454 384 369
343 257 273 472 468 410 400
321 236 254 459 456 370 357
327 241 256 463 460 403 378
330 247 268 463 461 396 367
360 261 284 494 493 419 401
357 260 278 501 497 398 382
288 223 243 409 407 344 319
338 244 261 483 480 411 391
360 277 297 494 492 430 415
364 268 282 513 510 426 405
319 242 256 471 465 387 371
357 260 281 509 506 433 412
334 232 251 446 443 378 361
338 246 270 497 493 420 403
340 250 268 486 484 393 373
338 251 275 451 445 390 368
343 242 267 476 475 408 391
327 257 274 464 461 404 391
334 250 274 482 480 415 398
344 259 278 504 501 436 416
327 241 262 479 475 392 372
320 224 247 443 440 350 341
311 228 250 431 429 375 366
314 240 257 438 436 371 355
356 278 296 497 495 423 408
338 246 266 498 493 409 393
348 266 285 476 474 419 408
320 243 260 450 445 381 371
342 259 278 477 474 405 391
361 254 271 503 501 419 404
352 259 277 498 491 421 393
339 255 279 463 460 405 387
346 260 279 477 474 419 399
321 253 270 475 474 404 394
331 253 276 478 473 397 385
322 244 263 460 456 395 372
356 268 291 514 506 439 411
332 242 263 469 465 403 382
331 259 279 494 489 414 401
351 264 277 504 501 427 396
333 254 274 474 470 409 394
327 234 251 458 456 384 369
324 227 250 439 436 369 351
341 240 261 477 475 385 373
342 258 280 485 483 417 396
335 243 261 458 453 378 360
346 267 284 497 494 429 404
327 247 263 456 451 365 353
323 248 270 475 470 398 384
323 227 244 464 462 363 339
356 245 259 501 499 412 398
325 249 266 469 464 392 372
359 271 292 502 499 422 405
331 241 262 468 464 388 369
316 234 252 450 447 384 372
354 263 287 478 476 419 406
337 251 267 482 480 410 388
377 280 295 520 517 452 422
341 253 272 469 465 401 383
330 253 270 496 493 413 395
360 259 280 496 491 413 394
358 256 275 477 472 403 383
329 251 270 470 464 401 381
340 259 280 476 473 417 402
341 266 285 475 473 413 391
320 258 277 477 474 415 397
312 234 250 446 443 360 349
350 255 283 489 486 424 409
336 249 269 471 467 384 370
334 244 262 465 460 387 373
338 249 269 464 461 389 378
338 259 275 482 479 412 396
332 245 261 470 466 386 368
345 255 274 476 472 403 376
305 228 245 457 455 369 350
353 262 285 484 481 411 393
345 251 264 483 482 406 391
332 252 276 484 481 401 384
352 260 279 518 514 425 411
367 285 298 519 512 458 439
341 264 284 486 482 412 394
344 256 272 479 471 403 387
351 271 294 519 514 436 417
358 268 280 490 485 404 391
325 256 271 485 481 411 389
339 255 273 476 472 388 377
352 264 292 505 500 452 423
320 229 251 433 432 362 346
352 268 286 484 482 412 394
329 236 249 446 445 376 357
322 231 254 446 441 373 357
316 239 258 453 450 391 374
319 232 250 449 448 375 360
306 234 255 449 446 364 346
337 243 261 487 485 405 383
356 269 288 509 507 421 408
329 236 255 450 448 382 362
339 248 267 469 463 399 383
324 233 251 461 460 380 361
343 249 264 464 461 386 374
311 234 254 437 432 376 361
360 262 272 486 480 410 390
331 247 263 445 441 401 384
301 225 249 423 422 352 331
344 260 279 490 487 410 394
327 239 256 457 455 386 370
320 220 240 446 437 375 363
352 257 274 474 471 406 388
318 231 248 448 444 363 341
316 244 265 459 452 384 372
336 252 275 470 466 398 381
336 223 245 469 468 387 366
345 257 279 494 487 401 385
341 259 271 481 476 398 380
318 242 264 463 461 376 361
316 234 255 444 442 377 356
350 256 273 487 481 416 406
335 250 277 473 468 404 380
305 226 245 443 441 360 345
370 264 280 485 481 421 396
314 238 257 451 449 366 344
328 247 267 449 447 379 362
335 256 272 469 465 393 377
317 236 258 443 441 372 360
309 234 254 459 455 376 361
311 243 262 438 437 379 364
352 262 280 501 493 408 396
310 237 253 445 442 366 354
347 259 280 493 488 432 414
334 251 265 462 457 393 379
349 256 276 499 497 408 391
331 245 263 473 469 389 375
367 263 285 510 505 441 418
340 253 272 485 484 413 395
352 265 284 483 479 419 403
320 225 245 444 441 374 356
336 258 275 495 492 422 402
346 263 281 476 475 414 392
347 253 273 487 484 426 398
336 247 268 460 457 388 372
340 241 259 483 480 400 390
325 230 250 489 486 396 377
298 225 245 404 403 361 340
318 236 256 434 429 372 358
335 247 266 453 453 374 368
324 252 277 433 433 375 362
336 243 264 468 463 391 373
309 223 241 441 437 362 349
339 241 260 491 489 406 389
351 255 275 461 458 401 380
324 247 269 448 443 375 363
339 242 265 474 471 377 370
342 248 265 469 464 396 369
339 253 275 465 460 402 388
317 230 251 448 443 379 363
340 238 260 449 448 383 367
325 242 259 457 455 384 371
337 251 270 500 496 420 403
311 239 258 470 467 391 371
331 250 264 463 460 395 376
366 267 276 510 505 422 403
307 225 245 445 443 374 351
300 243 261 475 472 397 378
331 249 266 460 456 393 366
339 253 268 490 487 421 397
313 253 274 455 452 405 391
332 250 271 450 446 387 370
319 235 251 457 452 374 358
350 258 273 502 497 418 396
331 249 273 466 461 402 388
338 248 264 481 477 403 387
323 238 255 469 466 389 367
326 243 263 463 462 376 360
314 241 260 461 457 387 372
361 256 281 513 509 406 382
362 257 280 505 499 424 406
353 264 291 490 488 411 387
290 235 254 418 417 357 341
325 246 265 455 453 390 378
352 269 290 476 475 412 399
362 272 295 518 516 446 423
361 271 287 498 493 429 418
324 247 265 449 447 381 367
350 260 274 477 474 410 392
330 242 255 462 458 385 370
335 241 261 455 450 393 376
324 242 258 462 461 397 375
338 256 273 490 488 411 394
366 275 299 506 502 448 436
320 243 262 463 460 390 376
338 243 262 500 496 398 383
338 250 269 474 466 394 379
338 257 275 469 466 393 384
331 258 274 496 493 416 398
374 270 285 493 491 432 419
341 257 271 469 467 388 368
325 245 263 449 446 391 376
346 254 274 480 476 388 371
360 272 295 503 501 440 422
357 263 284 512 508 429 403
366 267 280 507 506 418 398
335 258 276 472 467 403 388
330 243 264 461 458 381 370
340 248 265 473 470 413 386
360 277 289 520 516 457 426
318 241 259 457 453 387 365
345 265 287 490 487 418 392
331 259 279 493 491 414 396
343 291 307 524 519 458 434
349 273 288 485 481 425 407
367 283 305 510 508 437 415
317 254 274 478 476 391 362
348 258 278 469 466 404 389
349 264 279 503 500 420 401
343 255 275 487 484 416 400
341 261 282 484 480 405 392
312 234 255 440 438 371 357
315 237 255 448 446 369 356
349 252 266 474 472 407 393
359 258 277 492 487 421 405
340 254 270 475 473 398 377
327 245 266 481 480 393 376
356 257 282 484 479 432 413
335 252 267 474 469 394 369
348 260 277 485 483 419 392
307 227 245 438 435 360 340
313 235 248 453 450 384 367
325 249 267 452 451 382 367
334 251 272 484 481 401 387
335 254 273 470 467 393 382
331 246 270 465 464 383 370
357 251 269 502 500 419 411
327 242 255 465 459 388 370
320 244 261 457 453 370 359
296 237 261 416 413 363 349
335 255 278 499 494 429 411
320 236 249 430 427 370 351
336 252 272 469 466 391 366
341 259 274 477 471 410 398
351 256 279 498 497 419 405
343 257 279 485 477 409 389
331 248 271 463 461 403 393
338 250 265 481 479 391 373
324 248 259 460 458 390 374
361 271 300 508 500 437 423
335 237 256 465 464 389 373
340 252 270 485 482 403 382
313 248 270 457 452 375 363
330 242 263 429 425 374 355
342 243 257 490 487 400 388
